4189 9606 4529 9982
4 7543 499 9235
1323 4914 2200 5564
1389 1006 3065 1944
2059 396 3122 1006
6142 7143 6759 8320
6266 170 7653 1778
219 5573 2599 6328
7687 7014 9038 7640
5639 513 5844 663
2482 1945 3899 2966
781 9131 1302 9450
7173 3888 9655 5142
3566 7875 4248 8322
6683 8499 6824 8552
2656 5485 4099 6082
4099 4626 4905 6082
9517 9714 9829 9980
1835 491 2056 754
5425 5377 5760 6372
6902 3114 7970 3887
1973 2306 2474 2652
7634 5152 8906 6033
4307 6084 5425 7509
748 8475 2181 9131
2848 4080 4098 5479
7178 7014 7681 8752
501 7685 1787 8472
5508 2296 6663 4192
2185 8326 4065 9957
5766 5588 6149 6122
6774 7825 7177 8397
4912 5213 5420 6074
5161 810 6249 2013
3132 795 5128 1722
2 3742 744 5571
4183 2537 5507 4616
3899 1723 5145 2535
7655 1352 9964 3049
7970 3052 9844 3886
4025 0 5602 789
7684 7640 8988 8753
552 6328 2603 7676
2603 6083 4298 7873
6904 9063 7270 9468
3331 2971 4181 3627
8617 9725 8711 9907
7429 6493 8369 7014
1717 7 2789 392
747 4777 1212 5379
6663 4055 6664 4056
1863 8406 1864 8407
