5792 1374 6444 1897
17 4349 1031 6523
7553 1646 7890 2029
5806 1897 6970 2986
4056 610 4495 1017
4791 5663 6269 6591
8499 5475 8903 5919
8586 3648 9267 4477
3292 8213 3567 8523
95 7581 1165 8655
5565 665 6140 1371
3634 6477 3897 6824
3604 6916 4343 7344
9136 5285 9950 6391
0 8656 804 9499
6716 5401 7400 6016
6198 3726 6375 3958
1048 5471 1761 5779
7309 4660 7821 5398
3087 5372 3631 6820
6375 3457 7245 4234
2465 8152 2868 8756
6143 837 7120 1365
8395 6624 9025 7173
6538 4515 7308 5400
5435 5041 5618 5117
2832 8816 5435 9993
580 3129 1372 3788
1616 6464 2973 7343
5567 10 6802 611
8042 862 9505 2213
5390 5202 5992 5644
7447 3195 8509 3970
3549 3325 4274 3979
5407 6615 5727 6932
2448 934 3452 1723
2137 3632 2597 3899
4770 1839 5791 2681
5167 1532 5709 1837
3898 5850 4770 6914
3767 7730 4744 8796
4548 4251 5131 5086
19 9506 1288 10000
7878 8874 8366 9656
5720 7821 7467 9757
5948 7140 7124 7811
1760 1738 2699 2884
7931 7532 8072 7751
4275 2686 5744 3731
6279 6669 6960 7077
6262 831 6263 832
3802 3299 3803 3300
2216 7344 2217 7345
9317 4957 9318 4958
8885 5203 8886 5204
5899 5090 5900 5091
2331 3559 2332 3560
7954 1584 7955 1585
511 1991 512 1992
851 8691 852 8692
2464 1725 2465 1726
6458 1771 6459 1772
1786 3561 1787 3562
9979 5627 9980 5628
3173 3722 3174 3723
5931 638 5932 639
59 8383 60 8384
4316 3739 4317 3740
2462 8676 2463 8677
7557 1146 7558 1147
9231 4786 9232 4787
8564 5447 8565 5448
9977 804 9978 805
2874 8499 2875 8500
1025 9418 1026 9419
5676 8528 5677 8529
9952 1016 9953 1017
3038 3190 3039 3191
6952 420 6953 421
3973 5590 3974 5591
7936 6344 7937 6345
3309 3397 3310 3398
9193 7201 9194 7202
7824 5290 7825 5291
3086 6072 3087 6073
2992 3082 2993 3083
7412 294 7413 295
9849 46 9850 47
6537 4905 6538 4906
6629 3444 6630 3445
810 3084 811 3085
2735 1959 2736 1960
9027 8840 9028 8841
2628 4454 2629 4455
8394 9158 8395 9159
2438 1622 2439 1623
6066 3265 6067 3266
2679 8761 2680 8762
9672 8200 9673 8201
7497 9643 7498 9644
2986 6858 2987 6859
2082 6445 2083 6446
9904 2115 9905 2116
9112 3379 9113 3380
9177 8610 9178 8611
2405 16 2406 17
9030 2229 9031 2230
606 2676 607 2677
9750 2091 9751 2092
1245 2272 1246 2273
6973 2401 6974 2402
8970 2711 8971 2712
4833 3781 4834 3782
7790 5621 7791 5622
5647 8380 5648 8381
139 642 140 643
41 3476 42 3477
2677 46 2678 47
