8794 6865 9997 7555
7320 6416 8483 7468
467 7109 1376 7896
288 59 1459 2459
0 881 278 2461
822 6983 1395 7106
9284 505 9983 1116
0 8607 1391 9488
6452 163 7900 2691
1688 2663 2898 3675
49 2461 1076 3498
4989 945 6452 2086
4234 26 5551 944
6216 9296 8168 9999
8617 508 8958 1997
7435 8897 8018 9293
3 6044 467 7896
8719 7995 9634 9148
2948 2663 3600 4083
3602 2427 4331 4040
1416 3675 2948 3977
2812 1366 3015 1398
8841 7561 9989 7981
3115 1467 4122 2201
9016 1120 9988 2472
3130 8371 4133 9872
4490 2424 5553 3801
1662 3979 2841 4649
7910 490 8614 1844
5781 4107 6004 4240
8960 505 9275 1107
1567 5650 2649 6727
4842 7060 5520 7668
5530 6801 7027 8058
18 3548 1090 4868
8675 31 9602 504
5553 2092 6434 2692
9003 6021 9966 6859
5623 8072 6966 9290
1952 1429 3036 2660
8277 2945 9914 5883
7045 7473 8079 8647
428 4868 1540 5922
479 6583 1566 6983
5567 2692 6789 3716
5662 6529 5998 6790
9642 7984 9997 8783
10 7904 1063 8358
468 5922 1564 6575
179 8361 1119 8607
8829 6204 8830 6205
1140 9489 1141 9490
6983 8059 6984 8060
4189 9034 4190 9035
5193 8230 5194 8231
