8141 90 8725 603
3135 5580 3867 7203
31 9019 1182 9954
7990 7353 8333 7923
8108 8972 9538 9669
1197 3706 1798 4405
7068 4406 7581 4851
7248 172 7838 792
6812 4924 7850 5795
7072 7662 7983 8787
7616 4110 8490 4849
5234 9231 6033 9970
3779 4429 4147 4959
935 448 2003 1337
379 6184 792 6845
6499 6274 7989 7657
9205 4630 9476 4944
5646 8133 6209 8879
4459 8779 5175 9976
1218 4411 2601 5440
1361 1348 1733 1894
6747 1071 7023 1439
6557 1895 7981 2879
1207 9064 1877 9688
8680 5462 9342 6175
9495 4171 9998 4950
3155 7350 3725 7805
8390 4955 9591 5462
2853 748 3516 1865
4 6235 312 6905
3884 5672 4693 6944
8831 5 9843 908
8070 1777 8316 2156
590 3544 1192 4673
45 4540 193 4775
8088 7924 9099 8966
4140 3826 4454 4146
1555 2297 2971 3042
6950 2880 8226 4086
9 3072 583 4531
8427 2603 9942 3707
9540 8879 9772 9218
8177 6370 8464 6441
1460 5456 3110 6281
5839 3123 6950 4922
9244 3717 9938 4167
1734 1359 2631 2285
9099 7987 9539 8968
6766 218 7007 504
3141 7867 4198 8407
8061 8282 8062 8283
8233 756 8234 757
803 6371 804 6372
1192 5104 1193 5105
7055 7796 7056 7797
1160 4700 1161 4701
8978 3866 8979 3867
3124 6355 3125 6356
2547 3078 2548 3079
843 6141 844 6142
7791 4885 7792 4886
966 5530 967 5531
7875 5228 7876 5229
3649 9802 3650 9803
5207 1696 5208 1697
978 1462 979 1463
9395 7514 9396 7515
8716 9727 8717 9728
8228 3732 8229 3733
4451 9428 4452 9429
3841 4205 3842 4206
7964 9080 7965 9081
9314 9676 9315 9677
5602 8464 5603 8465
2280 3804 2281 3805
1861 7331 1862 7332
7766 1520 7767 1521
9375 5831 9376 5832
9618 5184 9619 5185
6505 7872 6506 7873
5835 4376 5836 4377
8070 2688 8071 2689
2648 4847 2649 4848
1891 6455 1892 6456
2191 6285 2192 6286
6398 914 6399 915
2249 3285 2250 3286
5614 8021 5615 8022
1335 7811 1336 7812
8247 7306 8248 7307
7203 6271 7204 6272
6069 1570 6070 1571
5450 2222 5451 2223
3124 8178 3125 8179
1197 7511 1198 7512
2039 7456 2040 7457
4222 8402 4223 8403
9229 4169 9230 4170
4274 3155 4275 3156
1980 4273 1981 4274
345 2069 346 2070
6296 9687 6297 9688
598 3295 599 3296
2770 1974 2771 1975
2604 5348 2605 5349
917 1308 918 1309
2356 8818 2357 8819
9262 1471 9263 1472
7513 4107 7514 4108
6498 5916 6499 5917
5175 9874 5176 9875
9471 4208 9472 4209
6014 6471 6015 6472
625 894 626 895
1061 5710 1062 5711
2958 7475 2959 7476
6720 6051 6721 6052
