4300 8998 5647 9986
2401 7873 4104 8337
8127 7949 9168 8675
7373 4825 7394 6231
6760 2662 7046 3308
7443 5551 8246 6285
8040 2862 8585 3050
6042 4276 7110 5414
5189 5963 5954 6095
8266 5614 8877 6176
7130 4027 8085 4778
6976 854 8943 1953
2526 2442 4321 3458
11 7888 1449 8910
2171 280 2730 669
9122 1582 9993 3450
9338 4123 9980 4290
3 8929 533 9964
4288 5965 5105 6199
4651 873 5172 1382
2320 4427 2757 4657
5257 708 5642 1395
533 9569 1423 10000
4932 7965 5642 8993
2777 1167 3496 1673
8 4328 1782 5323
27 2842 410 3357
4206 3538 4701 3966
4196 1 5705 659
2678 8347 4420 8726
2906 131 3245 491
1786 4830 2800 5529
5647 7956 5894 9480
6766 8973 8114 9669
1203 373 1674 782
8960 924 9990 1581
4729 3253 6033 4348
533 8910 656 9541
419 2806 2489 3214
1200 6514 1734 6595
656 8927 1453 9547
1454 7488 2264 8462
7575 3 8551 852
7428 9671 8240 9996
2179 5765 4115 6855
2308 3463 2786 4383
9103 732 9615 896
4792 7385 5867 7952
5230 6779 6752 7380
6034 3451 7083 4274
8987 5382 9447 6674
6712 5424 7371 6730
4430 8072 4929 8927
7 2154 1070 2804
5107 6095 5950 6444
4725 4850 5946 5959
5894 7382 6766 9181
3142 5283 3996 5492
1799 4328 2302 4608
3272 5500 4288 5755
6065 1060 6968 1890
4568 1477 5429 2303
9192 7974 9464 8468
75 1882 905 2152
707 3225 2306 4328
2214 682 2292 1448
6024 6437 6698 6766
3823 137 4130 316
8032 6815 9961 7938
7191 1958 9040 2839
4392 670 4726 852
4890 4355 6037 4845
5071 683 5637 706
9221 3485 9966 4088
7087 3059 9109 4024
5032 2884 5664 3253
6151 3017 6682 3427
5709 124 6771 959
1454 8731 3754 9997
3755 9034 4295 9606
1747 5591 2168 6127
336 412 1088 1054
8302 9795 9855 9826
663 1067 2055 1689
3915 6936 4116 7104
2493 1675 3702 2435
627 7684 1181 7878
4450 3155 4711 3514
5958 5428 6710 6411
1562 2687 2482 2806
4116 6212 5081 6840
5093 6447 6021 6774
4289 5284 4714 5950
3651 3618 4099 3971
3706 987 4563 1907
4500 2540 5003 3096
2794 3459 3648 3987
2291 7289 4496 7872
21 6183 485 7836
1079 1696 2475 2666
3316 320 4189 983
440 5344 970 5698
8992 8902 9560 9533
2801 3993 4721 5274
2549 6860 3644 7285
8970 113 10000 671
6808 7170 8024 8969
981 5327 1743 6398
7159 4 7566 846
8117 8678 8985 9661
2335 1104 2777 1602
8 3563 653 4255
7127 37 7149 441
4510 6850 5198 7374
5519 2016 6130 2493
2212 5668 2443 5764
9484 6030 9485 6031
