6691 4108 7185 5115
8609 4853 9344 5372
5802 2715 6956 3187
587 4601 1249 5227
2744 4879 3622 5640
5722 7707 6233 9061
5153 6596 6633 7490
3581 9285 3945 9982
0 5239 827 5950
4727 8848 5324 9805
4780 1044 5735 1330
2691 708 4052 1380
3745 4912 4576 5651
7032 1228 7718 1877
4502 6025 4830 6244
4028 3897 4681 4197
8975 7763 9614 7952
7723 1061 8607 1893
9166 8670 9716 9310
5813 3441 6676 5074
932 8622 2285 9944
6233 8572 7533 9570
6682 3187 7979 4100
3064 4142 3092 4863
9983 3863 9994 5287
7189 4102 8605 5247
9169 2532 9997 2933
97 334 465 777
4073 1335 5004 2048
4832 5083 6653 6534
2442 8065 3610 8902
8642 6652 9635 7754
3280 9217 3574 9988
4156 6552 5152 7492
8626 1277 9022 1553
3900 8149 5267 8326
7255 2349 8105 2784
4058 2050 5792 3870
8203 6807 8285 6839
8079 6882 8642 7780
3946 9294 4502 9942
2591 2857 3680 3250
8077 5380 9321 6651
6667 5258 7640 6048
810 7850 981 8005
7444 7489 7867 7959
6653 6055 8075 7480
6180 2 7045 627
1446 4571 2602 7157
1137 3511 1957 4152
228 4365 484 4803
3509 270 4744 697
3800 40 4149 204
2919 7335 3726 8064
18 1867 490 2652
14 862 454 1727
4767 4 5751 542
761 4425 1327 4584
3613 8328 4722 9280
3946 6893 4150 7086
8620 4234 9965 4844
1188 5234 1446 5435
2822 1387 4052 2855
7246 1895 8122 2345
9348 4865 9960 6645
2386 35 3509 636
2339 8903 3608 9197
3105 4199 4709 4840
8929 2966 9947 4234
5752 1 6178 1171
2935 6972 3721 7328
624 3793 1136 4044
7649 5260 8065 5978
4081 717 4775 1333
4782 545 5736 1041
4052 7494 5709 8149
2007 8262 2441 8422
5803 1967 7245 2714
5764 1223 7029 1949
4160 15 4747 270
6186 654 7253 1223
5139 8707 5391 8816
501 1322 1434 1892
3726 7086 4028 7688
7303 208 8772 1060
491 2051 1205 2460
4720 3872 5812 5080
9639 7313 9870 7460
2299 9208 3280 9999
1668 7163 2911 8054
5008 1330 5754 2050
8126 1900 9148 2965
6239 7548 7314 8550
7980 2981 8929 4102
5915 3187 6624 3439
6966 2786 7971 3185
2179 1962 2820 2601
2780 6161 3856 6971
7720 1458 7721 1459
