7263 5340 9323 6973
5980 819 7994 1682
2089 762 3331 3116
2870 3192 4447 4758
5359 8240 7391 8946
6764 6585 7254 6987
2791 9489 6486 9999
6055 3570 6220 4224
2720 7880 4414 8947
1 18 1738 3698
2385 6258 3329 7861
5785 6603 5966 7344
10 3721 1104 5261
1757 763 2087 2541
3339 5662 5310 7007
2279 3150 2318 3241
5968 6989 7685 8237
3337 7011 4409 7865
1740 13 3335 760
2058 5665 3267 6252
4419 7129 5368 8194
46 5262 1455 5833
6081 5165 7262 5634
7988 1962 9999 2966
9254 3619 9990 5246
9891 9499 9937 9985
5313 5673 5784 6883
1355 6792 2385 8444
5809 5820 7119 6546
8230 7657 9984 9227
8522 19 9995 1941
6227 3331 6424 4606
2 8469 2712 10000
2334 3142 2846 3616
12 6715 478 8369
7693 7481 8155 8115
3227 8950 8204 9488
3606 2841 4008 3146
3348 1459 4660 2833
4661 62 5884 2602
2707 5642 7262 5651
3382 1001 4657 1447
3116 5098 4742 5619
6428 3364 7777 5128
5902 1683 7982 3321
7777 3324 9254 5338
8054 2977 9994 3275
482 5894 1344 8456
8006 834 8521 1949
1104 3722 2606 5215
5903 4 8511 818
1960 6781 1961 6782
