315 5289 1157 6815
8790 2483 9203 3510
2207 670 3518 1230
1947 3149 3703 4711
2801 2321 4369 2980
9177 7915 9988 8867
8466 4308 9997 5088
2328 2913 2736 2949
7387 2455 7623 3446
3857 596 4372 1081
221 7831 1123 8023
7882 8814 8247 9285
5797 7091 6361 7948
1999 16 3039 656
6178 22 6449 568
6455 33 7703 1183
19 8026 1076 9074
4451 4647 5820 5920
5088 8800 6545 9890
4570 5925 6205 6656
12 5201 310 6815
4607 8776 4808 9175
26 7127 1133 7823
4518 8130 5132 8562
5728 9891 6138 9939
8248 9654 8755 9998
3146 2982 4564 3148
6552 8682 7378 10000
109 2640 956 2986
7378 8812 7877 9287
2978 6365 4489 7627
4401 340 5223 2837
8258 8406 9176 9142
9440 9388 10000 9999
7544 8179 9143 8406
7968 469 8470 797
7428 7765 8507 8178
1077 8131 1947 8735
1597 2489 2777 2906
7457 5786 8508 7067
7510 8448 8221 8811
1159 5321 2546 7491
925 1 1990 731
5233 846 6245 1501
1317 3503 1936 4393
8741 9143 9303 9448
9309 8873 9993 9387
6257 5857 6470 6135
1324 9216 1976 9594
4533 6659 6350 7075
8187 2439 8789 3483
5 4472 465 4715
6361 6953 7413 8679
170 44 845 428
7378 9287 8248 9993
4 2993 1317 4464
9234 2576 9955 3505
7608 7508 8395 7764
6111 5088 9958 5772
8198 3510 9996 4300
6693 2550 7370 3197
5626 3446 8187 4330
628 4767 1432 5288
1246 7554 2112 8095
8257 9143 8725 9635
1707 1294 2798 2486
3118 2 4996 339
7623 2437 8186 3408
22 9097 1104 9927
6249 1193 9973 2435
2812 1880 3234 2321
5151 7984 6355 8800
5882 4331 8443 5086
710 812 1697 1763
4497 7079 5775 7980
2835 8850 3355 9303
8509 5774 10000 7914
1999 9306 5072 9988
3551 1515 4090 1865
1900 989 2160 1286
5281 1 5930 772
8765 9456 9433 9995
61 6821 1146 7119
2555 6796 2867 6926
3836 4322 3837 4323
