3129 6638 5254 7712
1794 7714 3763 8324
7182 1096 9075 2727
4680 2958 5459 3781
6158 5070 6650 6394
2 2426 1295 3959
553 8326 3340 9999
5461 2171 7182 3337
6007 7085 6068 8441
7882 4644 9986 5187
4875 9052 6220 9839
7881 5188 9998 6689
1636 2409 2280 2924
6901 9347 7870 9416
3547 4406 5419 5056
7494 2731 9097 3739
3039 0 5203 2162
7489 3739 9964 4353
7737 8101 9143 9050
3925 2560 5458 2954
6606 3343 7488 4760
6426 7210 7174 7519
3613 2168 5191 2535
0 18 656 2278
6184 32 7281 225
3783 7723 5014 8395
6286 9451 9978 9997
9486 7228 10000 8579
7178 6689 9482 8082
666 78 2487 2395
4711 3788 5478 4402
9103 1552 9981 3570
9298 251 9953 493
2220 3112 4678 4289
6463 8083 7722 9277
2721 6655 3122 7649
5207 588 6706 2168
1788 5070 6157 6638
5255 6752 5849 7408
2 3981 1358 5465
6657 4767 7879 6684
2513 1069 3038 2161
1785 6663 2712 7708
6101 3360 6605 5048
9346 8896 9734 9118
7548 4357 9983 4643
2283 4877 3508 5009
7 8178 550 9329
5483 3342 6098 5069
363 6548 1784 8173
3346 9660 3347 9661
