2252 2 3970 775
8217 1421 9736 2455
5017 9466 5793 9993
1585 1448 2654 2730
3989 347 4507 934
4175 4935 6199 6309
2633 6567 3381 7354
1537 787 3114 1437
6366 5728 7304 6462
6683 7648 7763 9031
5859 8017 6672 8706
2092 348 2250 749
7899 5367 9995 6143
2351 7562 2918 8018
2816 5769 4082 6130
7868 8525 9239 9505
3264 1227 4106 2224
5208 7330 5816 8048
5829 6642 6682 7990
1923 8036 2431 9947
9330 9025 9971 9967
2075 4441 2755 4916
4374 1680 5523 2705
1615 6631 2551 7531
1041 8268 1921 9994
6948 6675 7260 7156
1206 6293 1494 6887
6203 2382 7903 3061
7188 20 7908 927
71 3200 872 3692
9055 7599 9221 8491
5816 8710 6516 9986
6795 4174 9974 5366
7 9047 1034 9907
5773 1737 6099 2185
4147 3308 6157 4912
6531 9040 7867 9992
5695 429 7163 1486
7309 5381 7769 7134
2505 8245 3448 9986
3211 4326 4129 4968
8584 2983 9506 3461
409 6916 1609 8268
2 1491 805 3185
11 5141 1053 6274
8045 526 8412 1084
6124 1611 7926 2375
4992 8048 5810 9462
7911 11 9995 482
2675 2071 3174 2729
6211 31 7131 366
6980 7164 9236 7596
3448 8251 3536 9992
5503 6980 5822 7318
5500 6337 6255 6638
7771 5449 7894 6971
1540 6133 1859 6615
9243 7161 9998 9024
2918 7443 4067 8244
34 3831 2023 5111
8414 482 9995 1409
7896 6150 9998 7156
6643 5406 7080 5622
11 755 1509 1480
586 559 1081 755
3542 8702 4979 9976
7884 9509 9297 10000
805 1488 1551 2995
7763 7608 9053 8517
4223 8054 4985 8591
6201 4240 6787 5369
6208 3219 8318 4174
3782 6776 4136 7072
1727 2733 3276 3831
901 3006 1725 3817
3282 3382 3283 3383
