5081 6292 6018 7195
3134 2561 3617 2902
3891 356 3997 842
8730 6560 9513 7163
9208 1760 9239 2062
1953 7615 2597 8469
8 7320 1897 7976
716 6618 1143 7084
988 3455 2058 3802
7957 8144 8515 8875
2611 2933 3476 3477
995 2365 1359 2779
376 7998 866 8361
1241 4422 2289 4771
7511 7700 7713 8424
2415 559 2613 1387
3023 7355 3554 7899
4476 5823 4481 6600
9323 3277 9967 3799
5759 8695 6088 8905
9113 63 9922 791
8612 9603 9884 9983
5421 2996 5805 3459
4124 2688 4923 3211
9696 1721 9996 3012
2707 2215 3114 2926
8045 7663 8525 7749
3 4634 1236 5124
9047 2202 9271 2380
8783 5095 9599 6099
1494 5469 2288 5818
7906 611 8395 892
6634 2260 7459 2752
320 891 575 1247
2743 7984 3300 9041
3984 9169 4467 9508
7960 4537 9117 5094
7648 5096 8778 5518
7178 2796 7715 3196
5743 53 6604 550
7378 9382 7697 9845
32 5802 759 6358
5357 9453 5853 9728
9522 6597 9996 7167
8439 2732 9075 3190
27 9121 639 9485
3332 8418 3892 9032
28 5332 422 5800
7709 6101 9588 6559
12 361 223 1307
769 826 995 922
2190 6069 2492 6208
2686 6334 3774 7046
8430 2205 9045 2728
3555 7827 5075 8257
3255 427 3762 1517
7069 3813 8055 4529
6345 8498 7874 9234
2289 4469 2987 6032
7043 1416 7992 2255
1145 2937 1508 3444
6758 7005 7473 8487
9607 3988 10000 6570
5099 7222 5728 7662
7802 3201 8107 3797
3130 2202 3558 2555
8333 5518 8772 5806
6252 9680 7009 10000
3484 2912 4107 3862
1459 2017 1720 2323
6111 7052 6716 8045
7467 2271 7874 2790
695 8554 1475 9196
1827 8578 2370 9010
2989 4458 3701 5257
5876 9235 7219 9650
5542 2494 6154 2844
445 5131 1364 5771
223 0 929 805
1954 3982 2194 4281
2163 1889 2703 2846
8596 8779 9817 9599
7482 6877 8730 7661
4534 8262 5662 8985
3581 9160 3924 9714
9224 823 9942 1396
4545 4862 5463 5373
965 1359 1655 1977
7718 5584 8318 5938
5327 1099 6236 1616
3049 5266 3211 5338
8635 1564 8921 2083
943 100 1449 457
8742 3825 9384 4514
2059 3476 2537 3889
6339 8048 6754 8489
5266 9022 5845 9258
6130 3178 7110 3633
4799 83 5728 763
1203 6696 2097 7313
5364 5373 6095 6292
3920 8259 4525 8710
1725 1751 2159 2339
7113 3206 7802 3792
8055 1395 8620 2205
5735 7196 6105 7691
4551 5390 5363 6188
5956 4141 5995 4281
5079 7669 5665 8258
7875 2293 8426 3189
3703 4511 4026 6202
6685 2849 7168 3178
1375 4780 2281 5469
5665 8073 6334 8693
6308 2346 6599 2600
2565 3478 3464 3855
4028 4581 4544 5660
10 2416 971 3807
2655 213 3253 1171
5995 3653 6796 4377
7596 743 7734 1014
4110 3244 4986 3990
8347 3197 8737 4507
32 6631 683 7161
8525 7685 9654 8779
2547 3862 4088 4457
4664 794 5303 1734
8110 3193 8342 4149
8222 6691 8727 6875
576 922 983 1334
2615 1191 3242 1885
976 505 1932 810
4160 7218 5076 7826
1947 90 2124 240
4546 3993 5454 4858
3635 2183 4470 2685
3764 882 4635 1616
5458 4092 5917 4592
1675 815 2414 1740
4484 6189 5073 7215
27 1337 964 2409
343 4250 782 4632
305 8909 587 9110
7717 7749 8494 8140
1677 2846 2607 3455
1538 2891 1673 3437
7876 8910 8593 9998
2376 8503 2732 9288
5670 7694 6111 8061
9290 1734 9663 1988
895 7985 1946 8550
7729 8156 7950 8466
1361 2352 2151 2846
3262 1622 4630 2172
6873 4981 7632 5702
3297 7060 3545 7203
6099 5241 6873 6981
9188 7168 9849 7482
5471 4871 5970 5348
2747 9044 3571 9988
4744 9745 5994 9962
802 3815 1953 4420
3967 8743 4498 9108
1011 813 1670 1341
8939 1399 9989 1684
6698 5192 6699 5193
