2853 9438 3569 9915
1914 748 2670 1372
5473 5345 6459 5947
8333 2960 9828 4256
1159 6110 1771 7151
7510 5731 8364 7482
5 4995 1220 5833
6613 2155 7255 3086
5359 484 6052 1356
8932 28 9993 880
9399 7050 9987 7841
2670 825 3168 1382
6467 5838 7459 6582
8368 5964 9470 6892
9523 6462 9992 7034
3762 7881 3858 8382
3996 7869 5676 8477
2155 6083 2865 8064
4567 7320 5251 7847
1552 5427 2398 6057
0 5835 1154 6967
3617 9374 4575 9996
3 3646 1044 4338
2 7550 452 8982
8375 6902 9398 7579
1916 8506 2675 9949
4766 3124 5236 3625
1065 2706 2153 4362
4662 479 5350 1371
5708 7487 8129 8020
2435 5393 3077 5467
9601 5528 9843 5733
1903 1384 3223 2695
861 2 1818 564
6202 6603 7509 7472
1222 4685 1487 5771
5614 5954 6020 6235
12 6969 1091 7408
2169 2701 3242 3389
4591 4015 5206 4766
4344 2254 4818 2360
4583 8593 5802 9937
5242 2832 6605 3993
8755 9267 9997 9985
7509 2046 8038 2519
3621 8478 4576 9373
7509 5215 8736 5728
8323 7842 9996 8636
7819 57 8923 932
9472 5886 9991 6429
1815 6682 2129 6850
1 4345 825 4991
1 53 860 2359
3767 5348 5431 5649
3910 2953 4099 3393
2297 3492 3897 4349
7786 8641 8733 9428
454 8584 1862 9028
4266 2 6203 476
2403 8080 2848 8291
8212 7588 9353 7835
1272 568 1609 780
2865 7384 3756 8289
836 4438 1201 4598
7497 121 7605 168
6998 3390 7854 4056
6315 8678 7783 9834
3931 4843 6184 5342
6503 5508 7477 5821
4223 564 4658 1503
252 7412 361 7540
8 2953 925 3641
5240 2130 5413 2462
6217 68 6939 439
1832 10 3048 715
1455 7170 2145 8493
6055 480 6168 1366
4747 1372 5527 1653
3233 31 4212 1739
1728 4440 2701 4851
1252 9033 1897 9986
5413 1803 6597 2823
6191 4595 6897 5318
870 974 1900 2148
6208 442 7798 1803
5228 4132 5812 4735
8738 8646 10000 9266
3421 7208 4408 7383
7036 4057 8322 4569
466 7410 1455 8577
1553 4946 3323 5381
5857 9042 6308 9498
6962 4581 9934 5212
2690 8292 3608 9428
2885 5658 4827 7208
4857 5649 5461 6575
1 9031 1244 9988
6638 3162 6998 4578
6212 8036 8311 8630
5835 4001 6632 4593
8588 9430 8589 9431
