4506 2262 5218 2703
5753 7993 5982 8565
5938 5485 7443 6077
1252 2679 1371 3701
0 1105 1246 2854
3526 1814 4314 2237
4798 5 6148 1375
6783 649 7610 1233
6021 2524 7122 4636
438 9756 1471 9995
1649 4278 2025 5069
3474 1023 4346 1711
6450 7485 8497 8149
6001 6755 6444 7651
7251 91 7407 537
2 8431 1491 9749
3921 6318 3977 7918
2170 5250 3149 5665
8881 2402 9350 2700
8117 481 9930 2348
9635 2361 9658 6072
4498 7035 5892 7983
5948 6078 7704 6725
4011 5481 5933 7019
8713 6320 9948 6926
2334 5674 3288 6391
5075 4639 7418 5481
2655 8174 3378 9979
2922 7675 3893 8165
3918 7987 5219 8345
1498 6403 2642 7014
2331 2 3471 2211
6602 6750 8475 7485
3379 8352 4489 9985
216 6612 1149 7005
6344 96 6928 388
1153 6 2331 631
7129 2531 7951 4521
6505 1237 8099 1849
1385 2658 2303 4264
5551 1922 7306 2518
2 2861 1250 4673
2304 2247 3919 5250
8687 3313 8962 4086
4319 3015 5863 3637
5406 3652 6018 4636
2 2 1145 608
61 7113 2551 8426
7447 4533 9627 6011
247 635 2326 1103
4 5995 1037 6036
4818 4691 5027 5283
4269 3654 5404 4637
6666 8152 8452 9999
8500 6931 9989 9864
6021 8150 6661 9179
1266 1104 2303 2625
1492 8451 2652 9998
4491 8348 5240 9290
3582 5873 4010 6275
3473 0 4740 986
7952 3013 8685 4525
3920 2264 4258 4249
16 4693 1545 5860
8049 6013 8050 6014
