6878 947 7687 1551
6561 3686 6747 4312
6511 1557 7351 2979
9270 3639 9993 7229
3896 8013 4822 8366
7070 4256 9255 5142
31 5633 363 6718
2041 20 2907 2775
6832 7492 7181 7806
243 2777 2077 3978
1724 7153 2367 7360
4220 1083 4711 1380
3 2050 506 2740
5137 3338 5804 4024
7207 7322 8234 8279
963 3988 2827 5188
416 4327 958 4933
7136 6297 8476 7302
915 5195 2208 5478
4646 9572 4973 9788
4113 7587 4661 7974
1 7952 1548 9327
5230 4757 5428 5280
364 5486 1408 6709
3735 2371 4367 2960
5813 3680 6561 4310
7357 1822 8457 2945
3962 4437 4410 5873
3575 8368 4481 9988
7563 3618 8495 4243
4725 88 5457 571
1314 1 2041 2777
4225 582 5675 1078
5387 4079 5762 4643
2740 5956 4355 7055
2007 6012 2696 7043
6259 2959 6509 3076
2750 2859 3147 3138
6131 2875 6509 2957
5699 6 8044 940
4416 4959 4817 5385
2078 3360 2587 3742
58 239 1300 1359
4482 8574 6292 9538
3668 7145 3914 7362
6305 2637 6486 2873
2910 372 3157 906
5553 3028 6029 3269
2084 2809 2717 3293
3211 3281 4239 4406
6748 2981 7563 4256
9259 7263 9996 7959
7503 8282 8234 8647
8 6718 866 7948
6029 3076 6742 3680
8053 2 9040 925
2834 4849 3895 5852
1759 9464 3542 9997
6293 8652 8478 9654
7015 8284 7491 8597
1502 7363 2572 7822
9269 7959 9998 8615
23 9358 754 9974
6127 9659 7175 9986
5540 5410 8214 6283
4944 7809 5481 8263
8483 8618 9987 9995
6039 4314 7068 5278
8241 7472 9258 8616
516 2116 1268 2742
876 6710 1413 7952
7099 5145 8933 5401
2838 3757 3211 4452
7695 941 9997 1820
1414 7202 1483 7449
1311 132 1312 726
1414 5478 2000 7148
9041 0 9989 938
1551 7860 3568 9458
8237 5423 8997 6226
4531 1384 4972 1501
3179 270 4186 1134
8 3059 238 4235
4749 1918 6097 3024
8479 6569 9257 7455
7955 8280 7956 8281
