6737 7565 7436 8516
5903 2912 6553 3462
8473 5350 8941 5948
7327 6282 8148 6860
1444 8532 2852 9557
5246 7182 5844 7746
3334 1562 4144 2498
7578 9283 8455 9998
5079 1345 5317 1755
2880 2637 3670 3483
961 3183 1153 3765
5638 8301 6198 8902
539 6474 1308 7172
4728 0 6003 227
7169 1572 8074 2530
2185 2629 2877 3499
7197 8519 8043 9277
6736 5185 7169 5453
2336 723 3443 1560
2857 9056 3513 9995
8276 8181 8953 8673
5430 7785 6320 8288
8190 298 8989 661
9624 3309 10000 4435
6182 9345 7569 9760
220 4996 811 5656
6723 4816 6727 6271
2737 3500 3848 4650
5354 2599 7693 2911
4217 5287 4710 5728
2828 4651 3846 4902
7327 5785 8147 6282
2885 8657 3404 9043
3881 3776 4692 4121
7697 2530 8634 4124
6668 2146 6955 2596
1410 3507 2735 4349
1438 214 2009 785
2914 5340 3030 5416
2073 9562 2840 9995
5197 2940 5426 4473
5903 3465 6534 3840
2025 1 3480 312
6261 9768 7544 9991
6983 259 7779 1400
5853 765 6971 1639
3954 6348 4821 6841
7437 6924 7597 8350
393 9415 1440 9999
256 3598 808 4332
8574 7385 8991 7707
7367 5195 8390 5782
140 2796 210 3067
4816 1027 5097 1223
8261 5951 9012 7034
3850 3209 4273 3518
6554 2997 7275 3752
6900 4306 7948 5185
7302 2911 7697 4286
351 719 1163 1263
8153 5800 8261 6810
7782 721 8353 1073
8997 7192 9586 7705
7784 14 8188 684
509 8830 851 9019
159 8 1193 671
8461 8724 9563 9507
27 5734 595 6193
3878 4129 4234 4911
5784 1640 6367 2599
8253 7041 8627 7129
7624 7153 8556 7726
3617 7576 4445 8128
5875 7176 6731 7780
6140 3841 6902 4248
5440 2919 5901 3997
1196 9042 1391 9413
5346 6870 7427 7176
1156 2947 2181 3503
4293 4491 5441 5249
5317 662 5782 2588
4236 4133 5093 4490
8330 7862 8416 8069
1634 8336 1806 8526
9017 5933 9994 6694
578 7186 1259 7595
9196 5310 9951 5930
1324 7010 2237 7761
1163 2235 1980 2943
7610 6860 8244 7153
3513 8282 4145 9557
8470 9519 9978 9994
3556 7041 4423 7051
5094 3949 5191 4226
869 9207 1194 9378
8081 1722 8587 2523
2218 1672 3310 2626
646 5957 1315 6473
7660 7774 8155 8322
6367 1640 6667 2584
4590 1261 5015 1533
9790 2128 9818 2838
4220 9001 4413 9556
6018 24 6983 757
8640 3306 9282 3672
8921 3682 9624 4466
2277 6246 2608 7677
4698 3420 5185 3944
6199 8519 7193 9339
8440 7731 9981 8172
3850 3518 4694 3770
8391 4124 8920 5327
3532 5278 4196 5784
4931 6567 5116 6942
8935 4473 9779 5308
268 2292 1095 2807
8275 2 9989 296
1453 9590 1833 9641
9 3742 193 4319
6728 5457 7325 6842
1537 4859 2192 5127
8683 2100 9699 3298
4813 7870 5345 8357
211 2812 1133 3173
4 9206 385 9980
5287 234 5991 647
2333 339 2833 492
5233 8365 5635 8903
2321 4914 4243 5275
4413 8905 6177 9993
8774 7124 8964 7274
6920 3789 7284 4259
6915 7357 7376 7565
1499 790 1839 1121
7973 4128 8385 4841
9023 6695 9830 7185
5623 6189 6667 6869
8363 668 9223 1079
4151 8133 4418 8604
6140 4253 6880 4737
8602 1082 10000 2096
3924 33 4710 431
15 6607 518 7527
2609 5429 3513 8517
5444 4032 6082 6184
302 1436 1249 2232
1324 5159 2276 7007
1814 7909 2233 8387
6082 3852 6133 4423
4 3174 957 3580
4442 8363 5206 8892
1199 290 1433 1064
3985 9587 3986 9588
