1469 4023 2144 4685
2 2291 592 3001
3213 6755 4033 8086
6964 3310 7675 5165
6253 8358 7167 9542
7689 4822 8771 5629
4098 9022 6253 9998
7987 596 8483 1205
1210 6518 2329 7001
8871 1090 9762 1625
2429 3252 3734 4054
8161 7919 9314 8658
9460 8605 9999 9991
593 2613 804 4086
7701 3929 9720 4820
2063 1723 2465 2789
1979 2802 4066 3251
6924 175 7813 1305
7180 8674 8609 9997
3513 1095 4239 1245
5013 16 5758 270
2477 2172 4008 2801
6284 7021 6780 7497
5432 8100 6249 8542
849 1696 2060 2731
9316 8021 9995 8582
2487 8651 3272 9653
5335 363 6901 2549
9314 6601 9999 8018
571 1065 1247 1559
2115 9767 4008 10000
6387 6403 7212 6989
6304 5633 8134 6388
13 56 466 1563
2335 0 4115 1095
8018 1629 9992 2357
587 7555 1280 8243
5347 8546 5530 8762
8610 8668 9457 9390
5795 8548 6247 9005
1248 7412 2039 7441
7746 7790 8145 8100
815 5638 2898 6192
6906 2361 8632 3308
2490 7188 3161 7698
4632 7573 7489 8093
534 8 1551 365
5447 3583 6568 4120
5530 8551 5795 9022
5 6345 1204 7531
1954 7702 3203 8110
8251 6578 8969 6950
1931 2748 1947 2908
346 4529 1187 5381
2402 6209 2872 6541
4098 7577 4616 8567
1325 1262 2360 1693
5227 2909 6885 3583
8662 9592 9411 9920
26 8610 614 9162
4025 1389 4196 2470
8646 2923 9240 3927
1728 4999 2163 5458
1222 6200 2393 6514
2496 1101 3436 2161
5186 6010 6284 7561
635 8260 1837 9055
11 1569 847 2287
8919 7512 9312 7915
5773 2552 6765 2835
8077 7339 8309 7403
594 2390 797 2598
3025 8155 3508 8559
8223 7418 8809 7829
4186 2572 4750 2884
3380 4341 4072 4973
3439 1276 4013 2171
1426 4765 2039 4965
4037 5995 5186 7353
5407 5583 6303 6002
805 2746 1771 3921
4118 179 4736 425
8774 4827 9997 5611
3508 8106 4097 9760
9602 6530 9985 6599
6254 9546 7149 9995
10 3002 321 4978
7685 3315 8642 3928
4811 4194 6020 5030
7277 6392 8133 7223
9244 2491 9906 3349
6943 1320 8018 2148
4250 585 5332 2495
3167 9673 3395 9763
7810 2166 8000 2277
4337 7364 4912 7492
3145 5780 4022 6755
6097 4149 6955 4988
4194 5777 5365 5995
8136 5633 9108 6562
4974 270 5334 483
9114 5612 9996 6526
3693 5031 6931 5567
3 7558 582 8604
8811 2921 8812 2922
