1939 8107 2469 9322
8567 2705 9802 3489
8510 7914 8835 8766
6791 8445 7591 9370
9261 3545 9386 4615
2203 2273 3225 3233
9054 7284 9176 7767
4238 7017 5546 9250
7771 6570 7861 7616
9177 7233 9762 9964
4804 3002 7173 4636
3988 1257 6033 2023
2290 4920 2546 5863
2926 3237 3983 4394
9638 29 9997 2701
5412 4679 6828 5308
5447 6236 5451 6997
5396 2025 6987 2983
1528 8401 1885 9562
6532 5318 7064 6287
9074 6864 9688 7218
266 4442 527 5055
3567 4494 3875 5139
474 889 1406 1764
339 7458 1871 8334
1413 583 2495 2267
8497 4623 9943 5874
4258 6098 5401 6986
8063 5632 8143 7320
4244 9252 5546 9996
8287 3 9638 997
5549 5310 6526 8117
3217 9 4510 916
5551 8333 6421 9637
5449 28 6034 1234
6537 6874 7767 7961
1999 7585 2508 8098
6040 7 7243 2022
830 2575 2075 3399
4054 916 5432 1247
4512 3 5448 895
6500 8260 6651 8959
3737 929 3970 2547
2538 8265 4234 9847
3703 7973 4195 8250
4000 3475 4800 5599
6997 2065 7950 2638
4722 2040 5259 2998
178 1836 600 2515
5332 5316 5535 6056
2404 3473 2722 3990
4 2 3206 577
7087 4803 7560 5716
7254 253 8282 2038
173 3414 1567 3950
5260 2031 5395 2904
2534 604 3209 994
9763 6199 9995 9399
2498 1013 3737 2211
3987 2023 4717 3475
8105 7325 9009 7914
18 5149 1487 7445
2580 6418 4221 7933
1490 5666 2239 6330
295 8347 1527 9983
8283 1009 9632 2705
12 7553 295 9866
66 4170 67 4171
