1743 5478 2376 6224
8384 6834 9134 7979
2819 848 3446 1892
8462 6264 9000 6834
7698 9273 8325 9961
5190 1299 5763 2001
3973 7981 3977 9384
8316 3926 9609 4959
5652 8844 6279 9335
8465 1829 8787 2370
2433 5455 2716 5656
1463 6958 3046 7326
9623 9282 9729 9986
5518 4036 6514 4518
9652 3795 9945 4265
7507 4943 8095 6259
2854 4642 3335 5136
5731 6939 6122 7325
7922 843 8418 2553
6536 0 8363 385
3223 8482 3965 8791
503 2341 1199 2869
5889 4535 6701 6319
8888 1658 9168 1971
2193 8277 3215 9150
3480 4355 3521 4933
7256 6925 7984 7423
4000 3278 4595 3332
816 3663 1066 4548
3258 2670 4731 3275
9889 4452 9995 4876
9 5722 444 6999
7261 7439 7756 8400
5358 8179 6242 8836
4601 3308 5265 3724
4858 7845 4992 7892
8425 7987 8887 8295
7197 387 7825 1053
5178 743 5758 1296
2528 6432 5306 6907
3554 5582 3814 5723
1011 7330 2378 8263
3668 4097 4754 4855
8366 26 9280 386
5532 3031 6233 3345
2391 7336 3138 8277
1406 4227 2051 4889
55 1899 1221 2333
5364 8899 5649 9330
7044 4107 7827 4620
7078 3547 7701 4019
1073 3608 1392 4526
1113 1230 1222 1499
7498 1296 7869 1610
11 4290 674 5146
866 1535 1161 1888
763 6098 1096 6346
8424 3397 9029 3898
5226 2 6503 739
6773 6263 7913 6920
5689 2333 6462 3025
8687 9219 9109 9398
3218 9826 3384 9901
581 40 1281 591
6139 6920 7252 7674
6244 8134 6512 8587
3138 6911 5154 7826
4733 2002 5685 3005
3 841 619 1844
161 7012 1004 7788
674 4659 1000 6050
4361 13 5128 1991
6701 4665 7507 6242
2383 5660 2800 5988
7689 8714 8360 9183
1456 3718 3563 4221
9025 5918 9992 6641
8097 4968 8449 5499
3876 2273 4436 2663
1097 6225 2368 6955
7838 3369 8316 4910
8428 2389 9226 2898
614 9035 1091 9218
1756 5114 2768 5453
7568 3037 8359 3355
5154 7327 6137 7845
5210 7847 6241 8177
9288 1 9995 669
2047 3563 2480 3716
9384 671 9974 2433
1210 5000 1740 6220
5771 755 6344 1211
9144 6641 9996 7180
7788 7637 8380 8105
447 5275 666 6385
8013 7320 8324 7627
3978 7897 5025 9345
8209 5513 8427 5674
5831 9817 6299 9988
5400 5868 5884 6150
1008 5193 1210 5843
8898 7984 9690 8342
6813 8423 7673 9774
8387 8394 9653 9209
4008 9361 4587 9901
5033 8575 5355 9287
7756 8108 8386 8696
2193 9166 3399 9794
3350 4939 4001 5556
3524 3408 3547 3626
4441 2184 4698 2622
2397 5988 3830 6432
7900 2011 7916 2428
5472 3366 7046 3744
4668 9348 6412 9816
6244 3041 6415 3058
5478 3754 6756 3987
6420 9394 6774 9752
5811 1716 7078 2310
8 2 572 792
1368 4893 2026 4990
7905 401 9281 834
5387 3055 5428 3467
3218 7826 3971 8480
1845 138 2815 2551
5442 5052 5859 5386
2810 5193 3331 5965
5792 1271 7208 1711
3446 480 4361 2266
6299 8694 6799 9334
1508 8271 2189 9988
2055 4225 2852 5112
1158 9065 1508 9253
5131 196 5178 1860
8431 861 9372 1641
2 5166 442 5713
4086 5117 4780 5899
620 635 1667 1230
8452 4967 9286 5899
6465 2623 7094 3349
5725 6331 6762 6918
6650 7676 7257 8206
10 2938 809 4266
1240 1250 1835 2276
4 2337 502 2937
2718 2627 3249 3299
3601 3349 4566 4095
9134 7185 10000 7984
3412 57 4021 464
7322 2585 8095 3017
6895 3756 6896 3757
