8906 1161 9407 2465
4973 8380 5795 9078
4094 6429 4677 7090
705 6248 1266 6976
7242 6013 8224 6941
4878 5166 5253 5412
1581 9056 2014 9257
6903 6942 7972 7930
4100 7104 4629 7299
6307 7879 6661 8395
9052 6125 9570 6907
6624 774 6909 1122
3529 7801 4156 8398
6613 1758 7222 2315
3110 4371 3750 5082
936 5733 1221 6188
1278 2921 1954 4117
5555 3316 6523 3673
8771 6949 9105 9414
3272 2931 5071 3350
4877 2101 5343 2733
8337 8969 8761 9447
5800 8396 6716 9080
1084 2055 1467 2870
2015 3045 2328 3437
7403 8225 7563 8818
4759 4132 5520 4783
6183 6829 6882 7863
8615 2466 9366 2991
9105 6931 9990 7993
2040 13 2926 1464
6 2411 1082 3108
626 3108 1262 3300
6954 253 7879 1565
5736 5833 6567 6613
5257 6426 5722 7115
3385 7824 3495 8390
5817 4472 6521 4712
3920 2099 4871 2931
3447 1331 3846 1663
7302 9622 8992 9996
3065 6775 3426 7248
3764 3940 4603 4609
2509 7818 3360 8752
6535 3619 7493 3841
1474 1929 1915 2907
2909 3835 3763 4366
3208 2492 3677 2743
3367 8412 4294 8656
1915 1979 2626 2790
1280 5575 1648 6919
7607 8278 8281 9141
7493 3859 8167 4394
875 756 2035 1685
2999 6249 3949 6754
382 9069 763 9388
5714 5605 5982 5831
1348 6927 1351 9369
629 4244 1161 4449
5525 3677 6143 4171
4906 4815 5490 5161
1490 1686 1974 1904
1352 7212 1499 9277
0 8080 329 9813
9411 1245 9996 2229
820 7003 1257 7385
7 7232 735 8037
5998 708 6349 862
5 4227 629 5365
5078 2735 6005 3316
5530 4172 6070 4445
1374 3 2002 166
5 3307 1277 4148
6060 6625 6731 6827
7310 9161 7765 9612
3782 9086 4049 9235
6554 3841 7067 4397
2962 5101 3483 5840
6568 6242 6696 6563
8995 9444 9806 9820
7201 5680 7349 5788
4740 6433 5255 7288
9356 5276 9994 5513
3446 1748 3995 2096
8125 2595 8261 2741
9413 2800 9741 2975
4681 6553 4736 7259
2823 3567 3388 3834
4527 3609 4806 3865
6009 2526 6538 3314
4515 540 5867 869
7900 2993 8900 3850
1563 4700 2725 5520
4073 9078 5294 9989
6208 4903 8007 5346
8437 1608 8894 2064
5300 9083 6705 9998
407 6280 692 6613
4484 5976 5291 6419
632 4155 1110 4220
6522 3952 6525 4880
4392 8544 4826 9038
9570 5515 9999 6924
5347 2036 5710 2727
2975 5846 3290 5953
1362 187 2040 756
3428 6785 4082 7796
7070 8779 7302 9958
6533 4407 8234 4893
7918 18 8937 904
6718 8755 7070 9998
9506 8060 9996 9319
4633 1 5831 450
5515 7121 6182 7871
4831 3362 5056 3744
7437 2565 7900 3185
9077 3990 9959 4607
3810 3401 4516 3915
1692 6270 2891 6777
5729 2055 6268 2524
8162 9556 8339 9622
4835 7303 5497 8178
8641 6532 8910 6651
7081 3851 7468 4398
5072 3334 5525 4127
6003 4774 6167 4985
8665 1134 8901 1553
5513 7875 6302 8380
1680 6780 2772 7562
6785 8019 7341 8746
31 6809 531 7224
8266 4609 10000 5276
8907 2994 9729 3601
5445 907 5916 1229
8943 4 9987 1159
2715 3166 3252 3517
9109 8531 9479 9344
646 4449 1553 5464
182 1701 750 1898
5886 213 6509 703
4159 7975 4328 8393
533 9805 714 9894
6661 7872 6782 8353
6546 2318 7429 2842
2387 4021 2869 4322
8398 8253 8728 8445
1654 5521 2937 6270
4837 8191 4966 8538
8958 3601 9735 3893
9996 31 9997 694
329 8613 983 9037
976 43 1358 734
2 650 874 1700
7772 9382 7948 9556
12 5468 765 6229
6143 3690 6522 4423
3483 5090 4472 6244
29 4 975 650
6225 5365 6989 5825
3360 8666 4383 9073
4069 1187 5112 2087
6543 2842 7413 3611
4 1902 1083 2411
4164 7301 4827 7948
8595 6309 8820 6389
2060 1501 2588 1805
4329 7960 4828 8543
2928 4496 3104 4821
1500 8065 1810 8283
7437 1569 8426 2556
4472 5413 5712 5974
3421 2117 3850 2423
2935 83 3326 687
8079 5585 8080 5586
