328 5825 1599 6989
3665 6233 4199 6867
4270 6208 5843 7706
6092 4392 7338 4958
5430 3104 7963 3745
2560 7316 4092 9319
2212 1303 2742 1664
3420 3830 3878 5029
8203 912 9996 1401
2405 2892 2763 4987
6887 1289 7603 2431
7862 0 8984 909
3896 3466 4678 4736
8158 2070 8699 3125
9011 8 9876 911
4990 9476 5388 9962
2803 601 3527 1364
2770 2871 2910 4567
5743 3749 7316 4365
2401 6695 3334 7304
8067 1082 8177 1512
8458 7650 9999 9148
5853 4401 6005 4622
6559 7029 7763 7547
3555 1141 5028 2071
5099 4772 6009 6101
3955 4770 5096 6208
2407 845 2713 1298
1610 2841 1627 4201
8722 3826 9066 6343
7612 1518 8129 3082
0 4288 1539 4673
5130 125 5412 1301
5414 21 6474 888
6360 1031 6868 2458
8715 1409 9999 3144
6496 1 7860 1026
6567 7905 7774 8496
9879 58 9930 335
6027 4982 7571 5839
1727 6813 2380 7383
3531 6 5126 1139
504 4683 1540 5814
721 1737 2865 2836
612 2427 704 2815
3880 3430 3884 3964
9091 4163 9905 5202
6182 6399 6842 6781
7778 7043 8457 8389
1563 4228 2388 5725
4681 3414 5406 4765
7205 1064 7554 1265
9124 3542 9640 3872
917 7057 1672 7551
7589 4194 8637 5458
9118 3165 9665 3395
3143 6376 3662 6644
4101 7727 5354 8868
5949 6781 8581 7027
875 7557 2543 9310
7631 9477 8262 9984
8187 1429 8686 2037
957 3725 1145 4199
2441 5046 3945 6195
167 4977 504 5268
6608 7553 7710 7898
5820 906 6341 2418
2 3422 953 4285
5364 8577 6498 9202
5028 1301 5818 2999
9265 7452 9961 7646
3144 2106 4535 2552
1290 9320 4984 9997
5832 2458 7604 3103
6599 8498 8249 9431
2919 3417 3420 4907
1 2849 1552 3417
3000 2560 5014 3410
5415 3798 5735 4327
485 4 2166 1687
8264 9148 9983 9999
1675 2940 2381 4083
89 8505 839 9822
17 5 458 2059
5847 7033 6558 8577
8153 964 8154 965
