2038 3 3735 1699
3907 6693 4732 7351
2414 2433 3354 3113
5740 1020 7138 2179
7960 3007 9795 4940
6286 787 7110 889
5445 8136 7188 9909
6976 7032 7938 7417
5655 2562 6245 2974
2179 3899 3373 4345
8310 995 9978 1920
2482 5251 3320 5379
1481 3108 2155 4345
3387 3791 4148 4801
7188 7420 8882 8952
2509 5381 3385 5862
7349 9539 9929 9996
6182 2188 7124 2326
2282 8132 3687 8983
4515 1057 5554 1422
2 677 2030 1701
1464 2439 2413 3108
4217 2485 5224 3792
1929 5862 3901 7005
5301 3352 6034 5196
8901 8236 9635 8629
9040 131 9975 746
4659 3797 5008 4799
5294 6432 6674 7392
19 8285 938 8672
731 6701 1798 6906
3356 2432 4201 3269
4999 5224 6597 6424
9238 5431 10000 7003
759 57 2027 677
2165 3118 3295 3898
6713 6073 7617 6517
4148 3800 4655 4792
8333 2113 9418 2719
1583 1701 3829 2429
1489 8996 2462 9123
4 2059 1082 3024
1484 4349 3384 5247
6255 2327 7957 3293
6040 3298 7955 5224
3743 13 4582 1008
5011 3808 5300 5184
7140 946 8290 2306
3949 5883 4997 6334
8454 8952 9995 9537
3305 3270 4215 3790
603 3109 1475 6586
4603 13 6283 1014
1 3036 603 6247
8889 7011 9996 8225
3385 4807 4988 5857
1975 5460 2507 5708
766 7051 2216 7966
8199 4989 9876 5430
7618 5434 9233 7006
6751 5786 7615 6073
32 9172 4602 9993
6608 5970 6609 5971
