8109 4948 8730 6114
4036 7694 5031 8545
977 196 1387 872
1441 2418 3227 3605
4058 6135 4814 6478
1882 7813 2985 9271
1946 9274 2983 9997
7667 414 8089 976
4934 3624 6265 3915
2989 8551 4396 9988
2097 6083 2112 7718
5148 4021 5740 4587
6136 7243 7442 8508
8979 7328 9999 8292
440 9608 1870 9997
9812 8316 9999 9899
5077 5838 5761 7851
2434 6147 3913 7203
7382 4137 8094 5717
5904 1772 6520 2324
4194 71 4247 1615
9 7052 1268 9589
9163 473 9967 1083
5735 21 7570 647
3962 102 3967 3518
4486 2481 4722 3595
6868 701 7458 1329
4413 1006 5147 1534
7577 2817 8880 4136
2635 5734 3189 6081
1900 1715 2402 2239
3474 7208 4021 8537
8589 1346 9601 2033
4901 3304 5409 3621
8892 2738 9991 4236
3969 6521 4997 6937
7821 6191 8034 6650
9512 8312 9806 9371
6572 6695 7436 7235
4928 3916 6202 3929
3993 2263 4417 3481
5766 5890 6562 7230
3338 1319 3851 2232
6670 8545 7228 9973
1902 5280 3199 5704
7150 3312 7347 4167
6274 3224 7129 4145
7228 8542 7646 9978
2695 4298 3549 5279
7646 8332 9492 9993
4344 103 5155 215
1716 515 2762 906
14 1176 751 2308
6064 4382 6867 5727
6566 5739 7815 6665
4035 6942 5044 7692
2742 7264 2989 7787
8245 6134 8612 6673
1136 3683 2684 4747
4177 5224 5576 5571
955 5461 1440 6178
8654 6289 8973 8309
5003 5683 5277 5822
2446 950 3334 2413
8846 4632 9458 6257
5736 693 6770 1700
6874 4177 7377 5721
3561 3746 4828 5164
7614 1046 8432 1851
8737 4236 9988 4616
3371 5610 4982 6075
7025 2284 7070 3051
532 4265 678 4829
5219 2713 5821 2963
4463 8575 4823 9246
8976 6262 9985 7328
4304 250 5162 999
8056 2150 9230 2700
7443 6676 8646 8324
2999 7215 3473 8548
459 6533 1627 6977
26 5129 848 6369
5038 7867 6123 9234
5369 9238 6256 9934
9289 2589 9700 2734
4843 4591 6027 5223
1269 8045 1866 9552
4894 4170 5116 4529
5195 9 5724 2671
9471 4690 9998 6260
787 907 2445 1709
6280 8864 6669 9873
2241 7271 2614 7808
8836 5526 8837 5527
