1402 1415 1883 1699
3869 5422 4220 5726
7402 6191 7967 6611
744 8033 1223 8240
3898 3564 4292 4340
9031 2759 9437 3350
2798 19 3606 1358
9437 2762 9464 2885
7970 1238 8503 1648
8828 1706 9229 2220
4895 8983 5198 9571
8880 4017 9487 5037
8637 1744 8827 2232
6397 848 7039 1650
4087 2711 5412 3132
1622 7987 2307 8198
768 667 1392 1724
719 6759 943 7160
2846 4121 3417 5313
8924 2770 9022 3119
7251 4454 7706 4883
2064 16 2796 719
2942 8959 3479 9395
820 4509 2838 5313
7414 2715 7719 3254
7099 9081 7149 9344
7075 7179 7641 7700
3 4559 455 6810
71 6942 662 7411
7294 4 7609 578
1167 6584 1632 6922
9001 642 9474 1237
767 407 1232 643
7419 1705 8605 2715
1339 8201 2843 8775
7157 604 7897 873
5020 3502 5411 4192
8901 3353 9696 3483
4224 8003 4616 9532
6309 6491 6928 6955
3535 8625 4186 9092
1461 1065 1670 1411
4462 7825 4649 7998
9159 6630 9742 7014
5522 7244 5636 7347
2313 1465 2946 2266
7356 3273 8299 4194
1490 2626 2488 3222
2494 2559 3076 3204
7740 2754 7906 2943
3136 6701 4239 7624
8661 4603 8879 4857
1683 7548 2261 7970
6565 2564 7392 3055
7072 5034 7526 5268
7437 8941 7825 9991
8432 2837 8794 3011
3518 1372 4722 1987
3077 2498 4069 3241
1109 1726 1512 2329
5215 9050 5346 9626
2441 7735 2849 8125
4117 2504 4969 2702
4735 8182 5648 8980
129 1572 765 2117
4 2573 804 4558
5090 5893 5367 6293
6476 1650 7408 2251
1479 8775 2021 9613
3025 8381 3039 8750
9465 2409 9988 3349
1831 3872 2281 4464
7664 7490 8082 8001
6126 3568 7353 4350
4664 7561 5463 8157
0 8359 483 9439
5411 3892 6118 4952
6755 4836 7181 5030
8088 7457 8633 7903
8606 2239 9465 2753
4293 3500 5016 4193
9440 270 9994 638
8074 5 8522 349
5349 9039 5952 9885
9491 4576 9945 5005
1130 2337 2314 2586
5955 8132 6382 8301
6946 3498 7353 3566
1388 7603 1673 7884
8131 5190 8711 5713
4759 9580 5172 9908
6172 7337 6319 7779
5671 8389 7826 8898
488 8933 1473 9449
1587 3957 1744 4236
2504 5875 4573 6683
8965 3484 9929 4014
3614 7 4561 226
7563 5090 8121 6167
1632 6713 2191 7439
8747 5045 9173 5457
4635 4200 5170 4392
6175 4352 7224 4821
2306 5317 3016 5872
6427 7134 7030 7567
9485 642 9997 1570
7979 702 8148 854
4790 4395 5352 4657
1780 6637 2158 6712
2192 6696 3125 7548
6344 5080 7017 6462
5935 1889 6038 2005
471 5948 875 6391
3522 9545 4735 9959
97 2150 745 2557
5808 3 6388 1018
5144 4970 6326 5650
5516 7845 6543 8131
6004 2722 6564 3425
4080 3137 5275 3496
6399 8158 6553 8338
2869 7708 3560 8358
7614 3 8073 604
5034 2005 6046 2686
832 2891 1083 3335
98 6 946 397
487 5314 885 5732
719 4616 817 4682
3607 226 4574 615
2062 8776 2795 9345
3693 8199 4192 8619
8514 1239 9475 1702
8488 3523 8710 3645
491 8554 1325 8930
8151 357 9000 1236
9231 1869 9792 2232
7048 873 7923 1582
2359 2288 3034 2556
7263 3079 7353 3387
9180 5238 9630 5417
6978 9523 7008 9569
6388 0 7293 511
5802 1758 6299 1850
806 1763 1100 2880
7825 4467 8266 5079
4579 1 5525 595
8908 73 9681 238
9411 7060 9992 9007
1719 9871 2020 9946
6327 7567 7045 7840
443 9450 1461 9998
3624 616 4855 1317
7072 6191 7380 6468
5814 1024 6397 1758
9305 6054 9967 6572
682 8245 1338 8554
5448 3317 5623 3545
22 473 760 1166
3829 1987 5009 2498
7019 5280 7563 6182
3757 9124 4200 9367
1916 957 2718 1329
6186 8901 6977 10000
2342 788 2614 934
891 5704 1101 6148
8796 7098 9409 7728
1665 5954 2502 6633
6483 2258 7416 2556
7826 8809 8290 9478
4616 8985 4892 9524
7095 7728 7663 8383
8170 6989 8793 7237
683 7279 1283 8023
7151 8919 7434 9951
5433 5663 6298 6415
1016 110 1411 398
3122 1995 3829 2485
4699 6760 5509 7452
3026 5516 3427 5867
2301 4116 2820 4509
5435 2687 6001 3238
5954 9011 6186 9973
7839 8184 8055 8465
1661 5320 2300 5951
8228 5756 8826 5866
3429 3672 3895 4863
6059 1853 6474 2718
5049 782 5808 1489
6555 7841 7086 8379
16 7423 675 8357
9487 1575 9952 1867
4616 5531 5050 6132
1522 1703 1894 2328
2350 3244 3342 4112
1115 5321 1652 6543
1900 1532 2283 2329
6568 3057 7259 3497
9576 2406 9577 2407
