420 9050 703 9835
3724 1122 5240 2229
5614 5996 6621 6924
3470 6597 4373 7915
9236 8192 10000 9372
4383 5988 5606 7404
7551 4139 9191 4991
6034 1813 6305 2349
6001 8069 7915 8420
6633 5224 7771 6386
9632 9496 9988 9843
847 7240 2323 8458
9794 4769 9862 6307
4764 113 5843 1091
6483 8439 7906 9065
8440 3034 9820 4035
16 2385 2165 3306
1770 12 2698 1160
2744 9040 4480 9842
9085 3 10000 3008
8133 6477 9170 7727
5776 2454 7142 3004
5018 2 5664 110
3609 5463 4376 6580
6731 4149 7431 4782
5851 26 7779 1723
2775 1290 3719 2551
4381 4336 5366 5911
5256 1094 5770 1778
9557 6416 9848 6904
8993 97 9079 2729
1011 2000 1769 2385
7179 2455 7844 3011
4381 7405 6180 7959
5396 5257 6373 5988
6760 6413 7970 6724
8265 5116 9627 6052
2 3918 2079 5637
5748 7056 7210 7351
352 5670 1055 5742
3792 5397 4271 5448
7777 5012 8209 5666
2397 3884 3828 5175
7959 7784 9235 9368
6334 1732 7869 2437
4218 2241 5118 2682
2556 6798 3460 7421
587 6341 1667 6846
5386 3007 6627 5213
2 1 1764 2000
7859 550 8952 1400
3718 14 4756 1122
9236 6924 9998 8192
7891 1522 8991 2991
1771 1175 2687 2355
9255 4055 9982 4728
4808 9216 5737 9820
82 3306 1907 3861
2693 5703 3591 6597
4421 3153 5361 3965
5742 9136 6629 9997
6639 3026 8390 4139
3751 2957 4120 3440
6192 7366 7945 8069
7977 9372 9628 9999
7227 6764 8109 7336
2346 7981 5873 9019
2698 11 3714 1290
5692 6925 6873 7051
2177 2368 2652 3090
6636 9069 7953 9996
5907 8451 6465 9120
7425 8433 7426 8434
