9546 2579 9989 3582
4337 7692 5636 9992
3014 4420 6019 5548
1885 9130 3016 9572
608 3725 1252 4538
6385 4467 7728 5292
5857 2898 6689 3539
1727 5658 3640 7065
9104 2326 9529 2842
7144 5499 7489 6090
13 4539 1713 7237
1333 7263 2993 8022
8979 2851 9546 4383
6722 3220 7767 4409
7422 23 9938 493
6828 2319 8850 3083
7777 3530 8977 4493
7524 7783 9173 8877
1310 3183 2845 4443
4715 12 7377 733
7781 3102 8976 3526
1735 4507 2972 5518
1890 9572 3012 9991
33 9400 1883 9994
1577 2 2948 421
5648 6474 7544 7475
8326 5625 9564 7779
520 2756 2219 2911
1555 8023 2666 9125
479 7253 1188 7498
18 8027 1547 9399
2280 2788 3142 3140
8 2004 1422 2753
4960 740 7436 1761
3016 8941 4336 9997
2867 3735 4709 4407
7440 1598 9551 2306
7734 4493 9131 5612
1482 500 3703 2287
9569 4815 9998 7190
6 0 1481 2000
9132 4384 9986 4693
5636 7566 7510 9969
7473 500 9999 1594
2669 8032 4335 8941
3246 7215 4228 7424
7571 5623 8322 7718
4636 1762 6784 2855
3712 91 4685 1399
7798 9094 9533 9723
8862 2612 8863 2613
