5940 18 7976 2183
872 3024 2459 4830
9197 7509 9391 7702
20 3029 872 5852
8708 5244 8981 6521
8416 8286 8936 8806
6447 9554 9187 9981
5661 9261 6223 9603
4378 4013 5310 5200
3109 6200 5216 7051
8193 7040 8394 7170
7997 27 9313 1262
7240 7328 7277 7906
8721 6569 9735 7287
8983 4014 9976 5595
4431 5215 5220 6191
6957 8442 8261 9552
1178 4855 1541 5028
1970 4847 2826 5212
5221 5243 7030 7018
4945 7060 7239 8432
3118 5246 4430 6197
10 8890 3110 10000
5678 3093 6629 3644
7031 4985 8707 7031
3133 8267 4941 9798
41 2023 1913 2998
9359 346 9976 1222
2161 1379 4154 1684
4067 977 4925 1059
9044 5609 9952 6023
2827 4019 4378 5243
2485 4175 2795 4600
5717 2215 6895 2510
8360 8939 9352 9289
5206 2087 5664 3507
7286 7296 9194 8277
2589 7004 2991 7996
3 957 1588 2018
3055 717 3879 1065
2261 5283 3103 6661
206 8589 1467 8885
8766 4983 8844 5233
1918 1685 5205 2773
534 6137 1310 6512
1027 5521 2261 5899
7184 4695 8757 4983
7697 2504 8919 4045
1114 6725 2561 7872
3103 7065 4939 8226
4953 8481 6932 9199
15 6840 1113 8230
8920 1269 9995 4009
2499 2776 4981 4009
5310 3658 6779 5235
5021 4 5869 1036
6786 4629 6787 4630
