8930 5663 9997 7736
1395 8095 2369 9407
5214 1471 6241 2058
2429 222 3339 1986
7 3664 934 5321
685 5676 864 6669
7491 3607 7872 4415
7781 65 8519 2418
3344 67 4488 2117
5253 2235 6971 3179
26 2142 1439 3609
1449 2024 2641 2694
6493 8822 7334 9548
4341 5636 4757 6139
7578 7724 8498 9958
6799 5684 8929 7724
1011 3631 2823 4265
9100 19 9644 265
6676 3468 8577 3502
5458 3179 5850 3930
1156 1524 1979 2022
1990 2801 3423 3442
8525 1322 9999 2420
41 8075 783 9741
8696 2713 9996 4118
5418 4985 6631 6098
3837 2186 5252 2556
7292 4417 8786 5684
2938 2138 3823 2466
3322 6320 4840 7653
2132 6580 3296 7426
14 6687 2127 7474
813 8292 1345 9096
8581 329 9987 1320
7343 7880 7567 9760
7 3 2429 857
2 7475 2486 8071
5 1505 1154 2138
7182 2421 8692 3440
992 4272 2835 6572
6822 263 7776 2220
2840 3578 4318 6310
8498 9449 9998 9997
5179 7973 6525 8640
4894 6141 6358 7565
33 859 2331 1500
5103 3930 7285 4985
4543 103 5918 1431
2503 7729 5136 9974
9079 2420 10000 2710
8506 7739 9983 8673
8788 4120 9998 5635
8540 8675 9970 9446
3505 2583 5213 3506
5914 3520 7325 3863
5082 4816 5083 4817
