1082 6287 2100 7253
1170 5908 1754 6261
6246 1250 8513 3067
7724 7050 8802 7601
8909 2332 9981 3602
7789 6145 9985 6325
3271 6957 4321 7714
9453 7055 9941 7799
5616 8301 6191 9370
2994 7734 3685 8385
3157 5493 3888 5875
1612 8768 2986 9544
3165 5941 4700 6916
7774 7870 8567 8570
8757 912 9760 1189
6207 8920 7461 9990
7624 5574 9996 6140
367 1760 1506 2010
6427 3105 7423 5028
4125 5063 6781 5885
5169 5943 5942 6309
1644 66 2268 1800
1020 2611 1563 3243
5491 4926 6258 5046
8766 8267 9999 9272
9584 6331 9687 6641
7279 7616 7759 8214
7816 5341 9971 5574
3480 5274 4000 5478
223 6763 1009 7046
2572 6 3762 565
5774 7250 6567 7889
3 9546 4004 9999
5164 7057 5760 7774
7972 3103 8648 5120
4737 6368 5069 6847
2118 5495 3151 7300
5087 6326 9579 7046
3769 1030 4193 1942
8718 1248 9775 1607
9094 5097 9866 5338
5191 960 5643 1755
4198 1 5190 1938
7436 3288 7931 5047
437 7300 2743 8767
5654 3275 6420 4902
8635 6 9602 896
695 8776 1611 9476
2987 8564 4072 9544
55 3824 1045 4856
8596 7607 9446 8265
8376 9770 9158 9930
3257 3454 4124 5273
4332 7047 5162 7799
7467 8587 8753 9737
1057 5033 1799 5906
1800 5034 2116 6273
9609 20 9998 725
1086 3864 1707 4600
6 2017 957 3146
8964 9273 9854 9711
2268 963 3768 1944
4145 3160 5340 5057
5340 3178 5649 4918
4036 1949 5985 3157
6811 7856 6850 7984
6781 5293 7620 6158
2119 4659 3257 5492
2614 4383 3227 4658
8805 7051 9434 7606
32 8144 406 9317
1063 4703 1873 5032
0 654 1643 1753
0 4866 1056 6749
903 99 1537 654
8662 3910 9767 4749
4072 7803 5607 8823
6920 7627 7219 8079
7122 8404 7768 8540
2279 621 3380 959
6945 26 8619 1233
2352 1947 4036 3454
4471 8824 5275 9382
4125 3884 4126 3885
