4306 9278 5670 10000
1039 3234 1724 4095
3066 6870 3945 7960
8023 7883 8362 9196
9315 1 9997 1430
285 9707 2005 9996
5629 8617 5945 9221
1478 2348 1919 2589
2886 6379 2972 6423
7704 7893 8018 8929
7175 960 7536 1209
5839 3905 6184 4312
9074 5919 9410 6904
2292 5853 3250 6367
922 2677 1260 3132
6009 6087 6010 6381
4889 3181 5670 4103
3342 4670 3799 5477
7662 2369 8750 3159
4627 963 5032 1159
7081 2740 7277 3055
3777 8565 4491 9189
1229 6907 2176 7577
7667 6069 7768 6229
1288 5037 1880 5727
6356 6886 7430 7509
8501 1 9305 1463
327 6211 653 6623
4854 4683 5518 5395
3496 9193 4306 10000
4177 1480 7157 1910
4 3880 999 5052
8 7029 1226 7436
7085 6549 7667 6852
4618 4291 5065 4416
1936 1871 2667 2642
3019 3854 3501 4353
2531 4321 2659 4700
1871 6370 2882 6902
1094 4116 1121 4823
3524 3567 3993 4197
29 3154 1016 3851
7189 1686 7655 2134
5167 750 7154 1478
5953 8529 6529 9423
8451 6055 9071 6929
8774 2108 9594 2992
36 8414 835 9090
4495 8609 5193 9270
7315 7640 7703 8510
4005 7 5163 874
7457 1237 7695 1654
1880 7585 2577 8383
5711 8167 6000 8529
4633 6583 5286 6962
6416 1931 7126 2548
4148 6481 4584 6850
6784 19 7981 744
1089 1409 1928 2306
4831 5697 5288 5952
5684 5438 8888 6045
7322 3729 7781 3899
2127 2654 2662 3748
4043 7186 4442 7512
2801 787 3653 1258
1554 8385 2393 8852
2593 338 3379 772
3800 4423 4809 5979
490 27 1057 708
8916 5473 9600 5914
3258 9637 3479 9981
2413 1847 4018 1869
1541 2645 2121 3060
6051 1917 6413 2449
7189 5079 7641 5316
3191 3435 3437 3686
2183 6920 3058 7548
9233 3004 9868 3841
2134 9287 2574 9544
9129 8796 9687 9090
8388 8033 8854 8436
9598 1433 10000 3004
1087 7 2199 1110
4907 2469 6365 2898
9410 5974 9601 6618
677 5730 1853 6623
4442 6336 5939 6478
5698 9426 9404 9998
9606 5931 9922 6184
1946 1260 4094 1846
2212 1 3339 314
5515 19 6564 735
4878 8073 5651 8609
6365 2551 7069 3913
1129 4379 1710 5035
7892 7618 8271 7878
2671 2499 2797 4260
7748 2015 8424 2290
4225 1916 6045 2469
2671 1871 3717 2496
6529 8527 7703 9423
8545 1474 9574 2103
7768 6051 8447 6948
3958 7552 5262 7937
3752 886 4531 1232
7281 7524 7294 8503
7431 6950 9951 7610
15 7441 1173 8354
3718 2170 4122 2786
2798 2497 3396 2940
7705 745 8500 1508
7704 1512 8544 2015
1192 7653 1880 8338
873 5253 998 5490
1807 3242 1991 3733
4172 2471 4885 4278
8127 3195 9231 4651
3072 9432 3470 9548
2601 7980 3479 8593
4285 5981 4687 6331
8388 8506 8895 9144
26 9322 741 9707
4001 3339 4167 4410
6001 7513 7274 8526
6774 3913 8126 4716
8065 4722 9238 5426
3402 20 3947 729
6131 4343 6202 4416
1002 5045 1285 5714
5671 2901 6360 3902
1881 4784 3336 5853
3605 6024 4244 6374
5195 8618 5627 9277
1748 3783 2510 4784
2690 7583 3014 7892
68 6623 1220 7029
3939 8014 4701 8508
8793 1473 8794 1474
