4184 8004 5941 8816
8237 1889 9492 2423
459 7590 951 9512
7078 1637 8224 2245
1842 5285 2851 6100
2926 6368 5189 7008
7605 3699 8957 4961
6143 2972 9983 3653
5478 35 6827 1118
5427 1118 6141 3561
2258 7174 2600 8193
8035 8212 8952 8428
1819 6105 2925 7166
2615 7193 3210 8196
0 104 1696 2114
2958 5533 6226 6368
8958 4394 9999 4768
4350 262 5046 515
3224 8005 4176 9637
3215 7009 7713 8001
6233 5039 7004 6032
4689 3861 5925 5490
7277 2275 8059 2504
4231 8817 6246 9257
6007 4334 6886 4794
8 3534 1900 4614
8745 2490 9889 2967
2 7607 458 9918
3011 4887 4678 5532
7791 8429 9998 9418
5 6380 958 7576
0 2130 1283 3533
951 8231 3219 9645
7731 7316 9223 8153
963 7192 2254 8225
4067 515 5426 3861
968 5660 1817 7191
387 5052 1743 5660
5944 8051 6737 8290
6207 1734 7037 2258
2835 1191 4063 2915
2113 1476 2788 1764
1 5700 967 6375
7704 5059 8476 5393
6248 8368 7783 9996
574 9645 4130 10000
1905 4279 2973 5196
8967 4779 9993 5858
7788 9419 9991 9998
3701 4604 4496 4886
548 4617 1431 4797
8959 3653 9996 4386
1284 3215 2030 3429
4199 9258 6237 9996
3304 9643 3305 9644
