5553 6857 5786 7511
66 4663 290 5493
6997 841 7091 1159
3731 3658 4192 4575
1791 7589 3249 8683
9691 5700 9993 7014
3924 1672 4177 1735
8923 3562 9954 3990
2155 2189 2608 2911
1518 5915 2774 6183
7975 8841 9055 9980
569 682 1632 1698
3131 2667 3670 3647
7224 18 8419 927
5081 8295 5903 8577
5572 4629 5904 4932
3775 6881 4297 8124
8420 0 9280 666
6994 8566 7964 9374
1187 10 2628 675
9538 1502 9997 3541
3260 8288 4614 9542
4308 7577 6648 8288
8478 671 9283 1400
5213 2401 6318 2944
7158 7922 7944 8553
3708 3066 3926 3587
6345 8868 6983 9440
6357 3520 7033 3874
9118 7028 9994 8227
1361 8683 2621 9633
1955 1196 3336 1608
9284 4 9996 1489
1338 6851 1790 8555
5917 4558 7423 5967
4904 805 6098 2401
4942 5971 6232 6417
6727 5982 7413 7877
7424 4640 8790 6983
2632 3 3308 613
879 5837 1336 9912
8464 1915 8693 2305
617 16 1174 368
7400 3297 8595 4224
151 7831 879 8267
8921 5178 9121 5554
6102 814 6991 2398
3400 205 4899 1613
8706 1497 9368 2782
5016 3912 7374 4550
1932 695 2002 831
2973 9551 5728 9974
2017 699 3382 1153
8006 8228 9944 8840
905 4607 2700 5823
562 1732 2149 3141
9059 8845 10000 10000
123 3163 2480 4591
2735 4030 3723 4901
8794 5692 9690 7027
9389 1495 9538 2020
2921 1650 3300 1812
5874 6445 6726 7568
7053 9378 7972 9880
1 6 557 3087
17 3587 40 4407
1793 6189 3745 7588
9121 4005 9997 5686
7972 7036 9111 8216
7099 955 8414 2211
4900 5 7218 802
8652 1415 8653 1416
