1176 2247 1770 2824
5562 4776 6466 5356
2803 7512 3562 8068
9052 1276 9810 3411
6792 7966 7167 8097
2 5975 473 6488
2668 5707 3534 6045
2274 3332 3116 3910
7057 3145 7714 3717
8334 187 8423 257
2656 9285 3201 9996
5653 6864 6638 7436
6770 8099 7511 9436
2540 478 3127 1261
2962 8074 3404 8821
1479 1062 2345 1990
9812 2028 9992 2943
1772 2253 2219 3679
3 5338 490 5972
6783 9448 7322 9994
8248 6622 8961 7177
3556 5339 4359 5753
604 9569 2399 9986
4687 559 5042 882
5314 8501 5682 9143
8599 6166 8770 6450
2587 8604 2618 9509
1066 5814 1666 6587
3432 1105 4233 1902
4084 891 4727 1098
7989 2414 8694 3462
3544 10 4320 395
3262 9864 3907 10000
6972 4 7376 281
8 7575 791 8856
4583 3067 5400 3606
5635 5747 6631 6861
4747 894 5978 1313
4366 4973 4431 5082
3011 5460 3510 5699
4705 9472 5231 9979
3574 9709 3944 9862
4669 7401 5519 8253
502 5741 1036 6504
1112 8895 2472 9566
964 3 1800 836
598 3803 769 4184
1680 5955 2560 7304
2860 4020 3326 4719
2548 4068 2850 4294
8657 1 9452 1275
2380 1339 2841 2000
2567 6046 3538 6896
5322 3628 5812 4480
3638 6850 4667 8015
2627 8480 2774 8660
6034 1170 6511 1657
3539 5980 3658 6824
4065 8918 4713 9062
4829 1329 5617 1810
7775 7005 8246 7527
7562 4416 8233 5354
2892 21 3498 444
8246 7178 8913 8231
8655 4228 9421 5201
2805 7329 3112 7511
7006 284 7369 872
7651 5385 8699 5989
2313 2087 2721 2164
2674 2557 3387 3284
8968 6235 9854 7458
8764 8464 8888 8596
4095 395 4684 891
2458 9602 2603 9926
6091 9142 6770 9996
3987 8529 4699 8915
1818 455 2516 784
9452 3 9995 982
1168 857 1173 2066
9812 2959 10000 3470
0 3480 593 4196
8 2822 906 3476
6144 7436 6609 8481
9434 4219 9987 5288
3349 4549 3848 5072
4715 8263 5505 8497
4570 9083 4990 9228
8203 1277 8924 1597
5523 7634 5723 8478
8233 3946 8636 5328
8960 1743 9051 2114
6609 7452 7025 7961
6779 3871 7361 4795
471 6508 892 7552
5814 4226 6479 4772
2640 8827 3192 9276
8713 3470 9982 4212
5049 5620 5751 5745
3279 454 4070 1076
8228 9221 8724 9561
164 8857 1013 9403
7591 5371 7641 5735
7398 2231 7793 2451
4556 9228 4978 9466
3985 8015 4669 8528
1189 2060 1560 2203
5820 3662 6478 4182
8702 2786 9050 3350
6493 3371 7054 3763
1571 2028 2169 2246
4992 8989 5271 9472
1810 76 2649 419
929 7464 1679 7610
3481 5119 4181 5331
4946 8866 5313 8987
3407 8080 3947 8825
4431 4942 5560 5398
8206 8556 8618 8758
6866 5318 7562 5796
7349 2480 7977 3143
3204 8826 3964 9708
798 7612 1745 8329
24 4196 1345 4530
2521 8196 2961 8455
7221 2591 7317 3051
7079 2081 7252 2246
3599 2675 4202 2937
5733 7441 6143 8496
9169 5210 9338 5349
4490 3610 5319 4477
4704 8508 5301 8866
7555 8707 8191 9519
4669 2804 5111 3063
7380 244 8061 924
603 3 951 239
4238 1111 4745 1666
6662 2585 7205 2914
793 8340 1336 8851
155 1838 1166 2816
14 6573 467 7533
4213 2320 4464 2502
1786 8309 2513 8883
3967 9062 4553 9465
4252 4481 5558 4936
5687 8499 6770 9142
12 1489 151 2294
3895 5754 4800 6304
6321 160 6960 872
1341 8351 1669 8734
3117 7032 3519 7510
3074 1541 3423 1658
1229 2826 1771 3171
1699 5528 2257 5952
3661 6305 5015 6850
6636 5989 8592 6622
6641 6630 7362 7413
3274 3881 3330 3970
5208 5402 6223 5610
2905 1905 4148 2544
7028 7579 7149 7837
3 4533 1240 5338
6482 3855 6779 5736
2220 2200 2672 3327
3973 9467 4703 9995
7062 925 7565 1211
894 6587 1678 7463
4728 8960 4916 9080
8071 259 8657 605
7794 1598 8957 2402
5645 2174 6424 2856
5025 5990 5631 7401
3568 7320 3618 8028
1355 4263 2238 5030
9940 1910 9982 2028
240 1251 901 1837
4102 3579 4485 4073
5285 9147 6090 9996
2560 6896 3088 7325
1761 7328 2797 8195
7388 2 8332 244
5459 3121 6142 3584
4859 6872 5008 6994
8554 973 8555 974
