969 5875 1812 6724
7739 6479 8010 6764
9646 9605 9884 9878
5665 5728 6265 6470
217 4 2210 821
3205 6577 3644 8502
9243 3427 9987 3890
7975 4480 8534 5124
7160 4467 7972 5153
7749 5969 8279 6027
8447 5202 9999 5940
2287 4652 2518 5137
9210 3890 9996 4536
223 1443 1523 2096
7334 9178 7471 9853
3645 4009 3762 5562
259 6809 1869 7906
6777 1 8832 1116
1 3796 650 6220
3499 3668 3563 4355
3164 2539 4119 3042
5503 2848 6240 4614
7399 7671 7523 8127
6539 6881 7520 7567
7290 1122 8044 1328
6 6 216 1983
4978 3645 5497 4776
3574 3645 4550 3929
7079 4415 7100 4557
7818 3556 9200 4459
887 3629 1111 3698
1197 2676 2170 5868
9345 664 9997 1600
1888 6950 2516 7563
62 6256 841 6698
8168 8299 8427 8464
9301 6929 9979 9510
5497 8462 6320 9982
9585 416 9866 658
1234 859 1671 1282
4602 17 5583 1436
3065 93 3734 247
1433 9270 1877 9783
3658 7596 4608 8438
6637 6587 7453 6867
8728 4892 8920 4984
9107 8398 9188 9332
1861 6074 2375 6686
8976 4543 9996 5202
5417 1453 6579 2112
6266 5724 6960 6490
314 8513 1275 8828
2704 9037 3432 9331
682 9027 1409 9591
2205 2427 3163 3322
653 3881 1182 4358
6591 7582 7399 9153
9111 1602 9950 2030
5749 6490 6490 7268
698 5477 948 6127
9093 5946 9629 6200
8017 2213 9223 2998
7574 6860 8817 8293
7156 5154 8434 5947
2945 9475 3465 9715
9000 1700 9092 1874
6240 3803 7069 4615
4392 9193 5492 9974
4590 6425 5192 7342
2670 897 4297 1644
6358 9184 7271 9972
3768 3932 4956 5561
299 1172 1229 1443
5247 7279 6534 8097
9070 121 9917 124
4138 458 4570 774
2402 6490 3168 6907
6753 2939 7812 3795
4131 2536 5346 3040
2173 3493 2645 3569
6970 5730 7140 6572
7321 1365 8199 1855
1 2643 882 3758
1560 1365 2478 2337
7474 8493 8995 9625
5587 6390 5621 6645
13 2098 1534 2632
3996 5567 5650 5884
8542 4461 8976 4829
7453 4162 7801 4461
4962 4930 5831 5567
3267 6455 3627 6551
2216 269 4077 890
8834 509 9342 1393
2518 4368 3642 6439
2561 6921 3201 8997
3465 8507 4383 9958
5352 2165 6383 2839
5360 8097 6446 8450
3164 3053 5493 3644
6258 1271 6860 1327
5345 6387 5585 6642
4399 8464 5497 9188
4634 5888 5638 6322
3648 5904 4590 7593
2735 3674 3441 4334
5831 4618 7151 5722
2484 1653 3778 2424
5606 14 6774 1142
3778 1796 4665 2536
8532 9634 9113 9893
7908 3310 8335 3554
4613 7365 5242 8440
6534 7626 6587 7885
245 827 1219 1165
6345 8537 6579 9042
5196 6662 5742 7273
2465 3361 2466 3362
