4632 5242 5705 6586
6405 5566 6920 6590
1373 5907 1838 6558
954 2 1697 940
5425 8145 7215 9981
1648 9038 3825 9976
2057 1497 3618 3662
5304 6836 7336 8145
6 0 951 936
7449 406 7459 1566
3 4866 1889 5892
6430 3608 7735 5549
813 2109 1218 3846
1397 6982 2337 8982
8899 8578 9966 9571
6189 683 6282 1970
5793 3259 6405 6821
1704 25 2783 350
3794 2219 4745 3503
7899 7468 8593 9918
3 966 1727 2109
7489 119 8148 823
3865 8646 5288 9884
7462 7630 7897 9813
6282 14 7442 2774
2676 3670 5784 5226
6 5893 1368 7908
3629 2431 3789 3330
8367 2556 9345 3344
6531 2791 8364 3605
7750 3926 9115 4784
16 7914 1383 9016
2744 6940 4351 7372
4004 823 5994 1173
6 4326 879 4839
1218 2114 2055 3511
3700 1379 5383 1998
24 9022 3865 9030
3497 67 6240 609
923 3852 1241 4444
1921 3683 2676 5206
1248 3517 1916 4252
7774 5214 9900 7463
1729 457 3092 1473
4 2174 812 4317
4765 2265 6273 3259
8692 7904 8884 9483
28 9033 1632 9995
2366 7418 5291 8619
1254 4252 1921 4684
7251 8544 7462 9400
5384 1186 6181 2226
8151 25 9066 2519
2131 5226 4619 6846
9070 1168 9071 1169
