7472 7373 8223 8843
7737 5820 8799 6948
4435 5975 5392 6892
4383 7423 5304 8972
1839 2782 3119 3761
8800 5831 9799 6913
3614 2432 4139 2793
7217 4633 8448 5820
709 13 1806 1381
8457 1462 9574 3199
5406 5633 6465 6483
1825 12 2756 699
4217 2822 5527 3822
8359 9468 9825 9696
5853 181 6635 873
11 8596 1324 9347
5878 7459 6612 8439
1034 3766 1892 5679
5333 5178 6218 5623
6569 9047 8212 9617
43 637 631 1598
6697 542 8452 1692
3323 8472 3636 8988
8623 1205 8878 1459
6895 4284 7588 4620
655 6165 779 6264
300 2553 1833 3737
3977 7430 4378 8532
1330 9109 2014 9979
3122 2794 4207 4616
9020 620 9172 1461
4074 8972 5151 9618
4209 3840 4401 4126
5180 4268 6238 5017
6622 6035 7737 7365
15 3757 1032 6142
1078 5680 2027 6431
295 6726 1174 7576
9586 2075 9998 3169
653 1467 5145 1999
6571 8655 7465 9041
3 9348 1224 9991
5305 7455 5870 8394
8910 3207 9939 3864
1893 4622 4465 5677
3186 5816 4138 6477
8082 9701 9984 10000
68 7602 1208 8594
7787 6972 8687 7336
8445 3214 8871 3390
2015 8643 2903 8837
6797 149 9998 541
1894 3761 3117 4622
2759 3 5849 702
1859 703 4625 1056
5910 2079 7120 3329
1835 1056 3612 1458
6469 5163 7209 6033
6613 7372 7437 7727
2694 6718 3819 7632
8451 4503 9954 5742
5991 9617 8074 9991
3860 6892 5395 7419
5398 6483 6606 7450
8279 7454 9240 8357
2144 5710 2994 5910
8231 8362 9990 9460
4467 3958 5175 4785
6615 7753 7446 8655
5343 8443 6563 9540
2901 2009 3560 2535
1838 1999 2900 2775
3043 7663 3907 8434
6030 2 9989 149
5230 1594 5880 2659
953 2531 954 2532
