770 4146 1521 5246
8991 2612 9162 2970
8208 7204 8345 7330
3842 2302 4958 3135
8409 739 8625 1161
9548 2602 9995 2978
2915 2174 3713 2650
1943 7935 2372 9043
10 3932 766 4552
247 7201 788 7983
6894 9527 8000 9980
5 1340 2472 1966
3008 6735 3381 7316
3833 991 4111 2299
8148 5798 8716 6258
6319 2269 6594 2645
8102 3072 8728 3332
7165 7562 7255 7798
4392 1527 4714 2302
2781 7336 4277 7653
55 4568 739 5155
5363 3791 6438 4186
2208 3402 2589 4122
3640 338 3925 968
7682 3825 7959 4292
2088 9228 2518 9557
6528 8862 7090 9511
3427 6705 4197 7164
3815 3497 4128 3707
3623 968 3832 1558
6699 3720 7226 3905
1097 430 1357 787
4255 1261 4686 1521
6362 1416 7348 2193
9512 7293 9521 8040
2176 4637 2775 5422
117 2014 281 2617
4146 1816 4387 2020
1872 4131 2581 4524
2985 4209 3627 4375
9305 8120 9981 8763
4113 977 4236 1790
2378 7653 5022 8013
1929 3072 2606 3402
1057 7199 1439 8025
3291 5941 3487 6071
6017 6620 6506 8476
5753 9715 6451 9994
3228 9944 3335 9994
2 8038 1240 8757
2996 6105 5369 6676
5216 8005 5683 8467
8063 8994 8419 9461
7062 7142 7440 7370
6962 5060 7695 5747
2226 908 2374 1245
7275 7408 8217 8471
6444 3909 7226 4875
0 7617 204 7747
4504 8092 5209 8564
6484 9521 6885 9994
5691 7332 5932 8476
7228 3736 7681 4290
5858 4186 6444 4868
2230 4548 2409 4636
297 391 1022 632
2602 3977 2968 4358
3041 5272 3564 5920
34 7257 238 7586
5582 731 6301 1200
6774 7159 7048 7743
5012 7503 5318 7636
5284 9299 6482 9707
998 9058 2064 9771
6506 6600 6771 8530
6931 6639 7589 7103
660 2725 1598 3886
1572 0 2257 794
1094 798 2043 1337
7681 3333 7978 3813
6444 19 7507 980
2807 1256 3583 1605
7343 4303 7954 4610
5536 1976 6296 3118
383 2395 446 2746
2475 1615 3811 2142
3690 22 4272 216
4637 4465 5851 5808
6659 2263 7246 3055
788 7244 1057 7975
1623 3413 2193 4099
2 8958 997 9406
1586 8387 1936 9050
8730 1489 9764 2359
556 2102 1189 2674
520 5247 1436 6081
8032 4278 9999 5006
1943 2529 2913 3071
3721 8108 4186 8509
4236 869 4413 1251
7376 2771 8861 3054
7236 4635 8028 5046
8430 9308 9994 9770
4301 3 5233 861
2261 212 2364 871
3928 223 4300 865
1212 2050 1608 2621
8528 1263 8884 1449
8518 9020 8939 9307
5247 1 5888 203
7301 2352 7866 2741
93 9760 757 9916
3618 8581 4212 9564
9385 6667 9930 7190
2364 0 3626 799
2606 3155 3330 3901
7912 1722 8674 2370
3000 3904 3647 4209
5934 7758 6011 8183
848 3896 1407 4126
3565 5274 4630 6103
6355 5828 7507 6582
7730 5691 7970 5902
5234 207 5909 537
2776 4947 3724 5270
2776 8014 3717 8554
4720 863 5532 2270
2901 4383 3488 4491
2278 7356 2634 7554
4655 3303 5354 4438
5050 7654 5555 7994
8985 7574 9299 8029
3331 2671 3815 3561
4220 8807 5212 9983
7 9409 972 9671
8238 2480 8818 2575
1913 1979 2454 2528
1439 7021 2217 7932
1241 8393 1585 9055
6524 3056 8084 3317
93 8761 1234 8955
2533 8555 3618 9491
7846 2756 8235 2769
1233 6672 1796 7015
2375 799 3623 1251
8039 5007 9008 5790
4311 8576 4825 8799
7 638 1093 1340
2183 5424 3039 6077
1543 4106 1551 5831
5716 537 5870 637
5217 8510 6091 9298
7466 8587 7782 9054
3006 2684 3283 2910
3661 3714 4612 4484
3530 4519 3778 4946
4961 2279 5536 3118
6098 8589 6506 9289
1618 1992 1905 2932
6496 3317 7667 3717
8631 9770 9551 9999
1558 4533 2172 6253
6737 4881 7217 5054
5437 6369 6007 7107
1656 3007 1925 3296
2795 4498 3520 4944
3830 4500 4623 5267
2373 8019 2757 8544
5370 3122 6489 3780
3832 3222 4458 3467
1422 6270 2205 6670
1476 8180 1779 8379
3 6082 1233 7196
1358 5 1555 782
4415 936 4516 1020
2217 6084 2993 7327
1407 3893 1600 4062
5921 1 6442 730
8484 7472 8906 8182
58 3364 613 3837
7978 3336 9991 4263
9904 1610 9905 1611
