3241 648 4699 1789
1424 7434 3277 9000
782 3871 1809 4254
7428 3801 7901 4559
8263 5520 8944 6103
4700 1 5376 1204
2984 2 4699 644
137 2313 880 2796
8635 8012 9477 8258
2318 1124 3214 2122
9633 2757 9999 5305
8457 1682 9844 2745
8962 5471 9997 7334
2666 4310 2893 4719
7901 2747 9632 5454
7542 6244 8030 7141
4426 8950 4952 9466
18 6153 1473 7014
4647 1826 5070 2746
0 4258 1876 6134
450 7045 1420 8791
5073 1823 6628 3521
3660 2768 4985 3697
4325 7373 9940 8004
7529 8050 8015 9963
7233 1657 8429 2505
2 7021 441 9707
3812 9649 6743 9702
1876 5534 2739 5827
1275 1108 2317 2692
3 1116 1269 2313
3262 9188 4210 9375
1460 2707 2313 3044
5039 4782 7541 7306
1486 6137 3383 7369
2339 2233 2959 3291
35 1 2978 1108
1264 9140 2547 9639
5376 607 5668 1220
3727 2586 4647 2759
8027 8272 9992 9983
2180 3304 3392 4296
4708 1226 7138 1819
5997 8052 7524 9637
2967 2127 3658 3293
461 8796 1206 9787
4356 1791 4646 2585
241 3185 1881 3804
7165 318 9158 1468
3660 1789 4355 2585
6631 2359 6632 2360
