666 2594 2891 3241
8796 1721 8815 9120
3834 4545 6051 5393
2941 1362 5273 3455
7221 492 9876 1067
111 7109 224 8481
4765 6140 5279 7540
6441 2265 8775 3715
8820 3661 10000 5769
5331 1417 6364 2559
1083 7389 2865 8035
7704 6507 8777 9151
6996 7355 7692 7988
8625 5892 8790 6371
27 6438 332 7019
20 5577 3037 6374
4576 5397 5639 6121
2931 3616 3810 5300
4777 4286 5142 4542
7591 5881 8618 6488
1536 8046 2687 9994
8363 9155 9807 9682
615 1015 2519 2528
6247 3912 7286 4644
4752 8009 7674 9987
4453 3475 6214 3919
5736 7253 6988 8006
6073 5978 7584 7252
8173 1070 9658 1717
5727 5514 6047 7158
3220 8232 4745 10000
6069 4652 7554 5977
1240 5174 2886 5516
9101 2 9961 388
1 3589 1260 4836
8820 6709 9597 8983
144 2533 2925 2534
1746 6963 2865 7380
8034 14 9047 461
686 6450 3384 6943
8862 5781 9980 6707
2873 6960 4466 7931
674 4853 1017 5322
2687 8172 3208 9925
2632 29 6412 1355
7554 3721 7584 5466
498 9248 1488 9901
8816 2186 9990 3661
3450 6152 4765 6840
4742 7548 5182 7808
9623 6886 9986 8191
7597 3744 8785 5876
6465 1190 7855 2214
5296 6155 5715 7632
1286 3248 2899 5164
4134 3815 4135 3816
