7060 4383 7459 5557
850 7247 2103 8529
561 63 1474 1042
3928 7262 4476 7696
7398 7737 8229 8519
6701 7174 6807 7615
3557 5189 4150 5779
1031 8859 1252 8952
8846 7198 9810 7899
8579 2832 8985 3266
8861 31 10000 1118
7176 5945 7825 6467
8 2925 1660 3625
2492 3942 3302 4723
9479 2696 9996 3831
2415 689 2722 1687
7063 9148 7430 9585
9057 5822 9502 6335
2330 4772 3551 6023
1389 4050 2443 4258
3425 8764 3758 9194
6600 7987 7001 8659
8847 9350 9974 9664
5756 4560 6588 4823
7895 6114 8644 6904
6375 5896 6499 6082
8045 2762 8564 4338
6595 4363 7060 4812
6580 1369 6961 1550
6550 3842 7080 4044
1778 6043 2797 7047
4816 3955 5558 4546
5181 0 6334 785
1741 6678 1750 7247
5802 9029 6573 9997
2435 7068 3144 7885
5914 5194 7023 5574
1318 4259 2491 4772
2922 9710 3814 9999
5630 1379 6573 1998
729 2011 1305 2550
7006 3 8127 406
1551 6330 1763 6476
7099 3493 7832 4381
3023 9223 3791 9705
5494 5576 6198 6208
1016 2620 1282 2803
4751 2002 6059 2540
5629 787 6332 1362
4189 5042 4920 6467
8726 5935 8967 6407
9686 1730 9994 2416
1402 3706 2487 4050
7085 9588 7836 9779
6335 1 6993 1340
2744 670 3092 1780
9060 9667 9981 9994
7160 9784 7867 9994
2037 8530 2638 9853
6555 4045 7074 4361
4546 6786 5553 7609
7431 9148 8348 9344
6156 3331 7095 3835
8459 4577 9281 5233
967 8960 2031 9991
4658 4552 5214 5018
7992 406 8481 533
3890 1356 5489 2002
9156 8938 9974 9350
7797 8521 9140 9146
3429 7696 4212 8724
235 4550 399 4661
9216 2699 9465 4053
7022 537 7492 809
2108 7085 2435 8516
3885 817 5484 1349
6 8756 966 9310
7540 881 7769 1367
2580 7888 2893 7945
7095 1686 8529 2031
5564 3852 6537 4385
1 9311 950 10000
376 2237 702 2917
4934 5041 5486 5782
20 6838 618 7013
4923 6394 5167 6603
6510 5593 7175 6112
2920 7901 3425 9204
7895 9444 8682 9631
5622 5210 5909 5545
9015 6463 9934 7047
8553 1658 9213 2616
6576 8685 7062 10000
1867 3118 3362 3706
1488 58 2038 521
5491 5201 5617 5381
7063 8522 7793 9141
1 7840 850 8753
7005 7719 7398 8500
4869 7863 5315 8175
8572 2624 9205 2827
2436 8003 2919 8517
1542 2508 2068 2739
4217 8179 5073 9081
7509 2033 7845 2238
7616 3263 8043 3417
2849 5 3769 627
7124 6470 7881 7046
6852 7056 8253 7708
3553 3898 4647 4979
5230 4667 5699 5036
3362 2738 4128 3404
1311 4780 2330 5480
5731 4823 7057 5191
4970 5796 5476 6080
3779 3 5180 330
1427 1373 2327 2113
7464 4866 7923 5538
9216 1129 9642 2689
400 4391 918 5053
7205 5565 7989 5924
3144 6324 3960 7126
30 1244 372 2888
5345 2540 6127 3833
6129 2732 6787 3330
1489 523 2414 1372
5614 7356 6148 7602
1808 8550 2033 8810
1668 3155 1834 3397
16 6445 212 6724
2484 2564 3355 3115
8419 7556 8576 7647
8134 4346 8456 4425
8988 2841 9216 3253
5746 4401 6588 4558
5470 8162 6595 8531
4176 2552 5330 3614
5497 867 5623 1981
3880 331 5181 813
6604 1556 7092 2040
5470 8540 6569 9029
7912 2146 8550 2758
4 3627 1317 4385
75 5810 442 6116
3819 9082 4961 9986
8565 3269 9209 3739
5322 7609 6586 8152
3762 8754 4197 9075
7613 1508 7759 1685
5095 9035 5797 9882
7771 540 8858 1658
3155 750 3880 1872
7021 815 7477 1260
296 5407 628 5488
7450 9349 7885 9581
9943 7618 9980 8170
2677 9561 2913 9808
6215 6115 7124 6845
7597 415 7927 513
7876 9637 8815 9988
5083 8175 5444 9012
7801 2267 7802 2268
