4730 213 5429 910
8944 8872 9465 9337
5078 5094 5422 5448
2884 8948 3283 9993
5433 511 6374 1333
7084 4662 8180 5227
1392 0 2264 369
5377 1602 5851 1931
943 6811 1921 7204
3791 5849 4199 6303
8264 3893 9322 4332
4093 8400 4198 9226
4235 1880 5028 2469
1110 8179 1185 8833
1438 374 2270 1247
1815 1256 2315 1583
2643 5705 3782 6426
3573 3116 3763 3335
3290 9282 4223 10000
9339 4664 9933 5387
9693 5611 9999 6658
4806 3218 5560 3698
5592 7351 6540 8046
3399 3435 4119 4578
3188 8589 3724 8840
919 5547 2626 6360
1266 8828 1885 9684
1532 3708 2730 4591
2661 9136 2785 9509
2563 1292 2936 1941
2 4296 1194 5446
6389 4513 6575 4555
3653 1864 4233 2078
4182 6868 4223 7214
8208 471 8833 838
3221 1814 3632 2017
5177 8886 5739 9356
5595 3236 6006 4532
7040 1463 7398 1998
6546 6694 6940 7611
6309 4590 6664 5183
6012 3504 6655 4494
2748 3992 3393 4589
97 7297 513 8077
5941 8051 6792 8312
3440 25 4317 681
4328 6912 5318 7614
4095 861 4676 1286
45 3487 863 4285
1615 3501 2372 3704
1097 6368 2201 6806
3580 2703 4364 3099
9434 2637 9908 3077
513 7642 1006 8084
8839 258 9372 889
4198 4230 5138 4914
3287 2246 3576 3060
5183 8214 5745 8880
286 9038 1262 9909
4283 9400 4638 9932
7431 3877 8262 4657
6222 1335 6898 1618
5753 2159 6094 3120
4218 5638 4883 6302
6848 2017 7396 2990
14 8084 1107 9033
4125 3721 4863 4230
7405 3386 7860 3872
2070 9575 2855 9972
7717 2851 8380 3329
6946 6832 7044 7601
881 3524 1524 4288
9149 9743 9982 9965
5061 5550 5467 6025
2359 1224 2553 1623
540 4 1371 859
4129 3123 4803 3715
2734 3672 3138 3981
3134 6427 3784 7061
2525 2685 3273 3334
2145 8253 2839 8703
4012 686 4025 1737
23 2162 1230 2873
6410 2188 6816 2617
7845 8119 8795 8431
4750 0 5992 211
4806 7661 5588 8214
3582 1031 4002 1796
1 2882 1222 3483
515 7311 991 7615
6872 9495 7883 9959
5762 9617 6479 9993
3230 8463 3541 8574
9373 1800 9978 2492
4898 5089 5054 6494
7065 6676 7536 7566
5686 6681 6507 7346
6879 4248 7403 4626
3789 3106 4091 3425
6127 2368 6353 3164
3147 3380 3384 3967
106 6845 937 7293
18 6080 888 6835
9013 2661 9329 2953
9252 3088 9785 3500
2130 7658 2779 8196
4419 4917 4896 5627
4558 7717 4692 7802
4370 6678 4793 6899
7732 5393 7734 5617
6393 515 6915 1320
4214 5413 4410 5637
6820 8696 7630 9482
1874 4616 2565 4959
6007 43 6678 506
7793 7396 9145 8116
6 6890 95 7692
9268 7457 9945 7950
3283 1066 3580 1801
8711 4351 9365 4357
4558 2991 5028 3116
8803 9373 9587 9727
3990 5265 4209 5765
7863 5259 8300 5528
6833 8432 8025 8695
1238 1789 2220 3498
67 1688 649 2153
6378 2704 6838 3168
2792 7619 4459 8146
7610 7372 7785 7587
7545 6726 7808 7371
5014 1025 5228 1241
7817 6497 8767 7391
3884 4592 4198 4960
5778 9387 6528 9616
4205 8216 5180 8755
4800 6534 5402 6809
1243 4977 2343 5547
9053 5770 9644 6329
6367 5565 7282 6670
2582 4591 3874 5133
892 5558 914 6413
4027 1316 5170 1860
8364 6026 8962 6412
6726 0 8624 420
2271 3 2639 813
5557 5208 6366 6072
7402 1769 8305 2815
2666 24 3437 1045
6935 424 8174 796
2992 8148 3507 8408
2931 7088 3923 7579
3834 6306 4734 6662
4370 2471 5025 2989
7992 1125 8672 1582
5748 8321 6818 9386
6822 7614 7785 8428
5028 2060 5730 3182
5679 4572 6274 5067
3591 2081 4227 2697
7633 8704 8056 9494
2260 1981 3157 2655
5252 1015 5372 1844
6669 4635 7073 4950
4696 9370 5739 10000
8269 9626 8757 9810
8354 3401 9248 3893
8907 8156 9955 8842
6917 806 7631 1439
8061 9147 8788 9623
8381 2950 8925 3399
7862 3334 8333 3875
4276 8772 5174 9352
1811 1604 2328 1789
1541 8043 2086 8281
2678 1047 2877 1290
5350 6819 5680 7348
4865 3747 5133 3862
7 5513 634 6076
2936 1049 3278 1812
3294 8849 4009 9263
8767 6413 9693 7369
5236 4240 5584 4437
8060 8433 8897 9127
5864 1628 7033 2013
1026 7225 1888 7902
2630 5143 3410 5703
3418 5140 3987 5698
276 5479 277 5480
