5250 5876 6925 7333
1 2882 1022 4183
3890 2019 4662 2612
5138 7741 5845 8237
4188 4143 4995 5063
1025 2750 1581 3988
8982 5348 9089 6899
3804 8085 4062 9597
7061 2693 7973 4144
6213 7357 7302 9505
6305 7 7028 478
6264 9552 7322 9900
7973 2738 9075 4856
3815 6008 5248 7723
3436 151 4648 790
4066 7734 5130 8442
4066 8445 5503 9647
619 4357 1105 5889
4527 5358 6062 5874
2753 5639 4521 5996
1168 1943 2756 2689
2265 6619 3806 7928
7740 4997 8119 5833
7307 5859 8516 9469
881 8 1279 1463
2975 9647 4808 9995
60 68 861 2310
1127 4023 2386 6018
4995 3797 6076 5355
5503 8252 6207 9996
7303 5965 7307 7461
1295 9 2740 1174
2 8649 1227 9593
2 4197 618 5097
7849 26 9144 2050
17 5120 605 6364
677 5986 893 6198
2975 8086 3795 9642
2876 34 3429 1061
2300 7976 2975 9962
5528 7339 6035 7683
1288 1191 4309 1932
6077 4158 7550 5857
7032 131 7845 1966
2405 3400 3545 5619
7024 2053 8785 2690
2936 2302 3708 2905
2533 3121 2804 3397
3391 7956 3948 8082
1084 6043 2265 8613
9147 871 9990 2247
3613 5264 4496 5590
9077 3175 9703 3916
6980 1315 7000 3546
4889 1824 4958 2076
6927 5880 7236 7327
8522 6934 9996 9502
6386 3556 7052 4101
7457 9529 9538 9982
2628 6204 3607 6612
3552 3881 4181 5264
8870 2275 9682 2721
1590 2776 2397 3933
5376 644 6182 1304
9155 11 9999 859
5557 3094 6300 3795
0 6364 1082 8556
2615 7953 2616 7954
