14 697 831 1784
7810 677 8206 2376
1631 9822 2348 9999
1748 8412 1821 9210
3738 24 5009 1023
4398 6860 5895 7505
8300 2860 9999 4599
5357 2162 6271 3002
5765 8532 6466 8926
4943 3759 5071 3948
8216 26 9160 1639
144 4379 496 5037
5879 3064 8298 4279
7484 309 7681 1644
6008 7072 6423 7418
1927 667 2423 1604
2352 7888 3579 8498
4848 5419 5122 6159
4587 6220 5896 6847
119 2091 1256 2880
1790 9212 4501 9814
3983 2136 4218 2855
9140 8278 9997 9936
48 1793 823 2073
5282 8819 5523 9415
4916 5152 5084 5403
4271 2504 5337 3484
6951 5163 7658 5780
8894 4621 9479 6173
2259 2028 3522 3323
3543 7517 4993 7882
9162 10 9999 1879
3375 5400 4834 6160
5959 7423 6609 8527
274 5907 608 6273
3153 27 3629 516
40 6 695 689
6754 6551 7644 7680
6892 6094 7610 6551
7649 7132 8495 7676
1701 5451 2420 5752
6621 7689 7255 9879
65 6752 459 7597
2778 6196 3483 7533
6277 2118 7805 3021
9187 7255 9948 8278
3337 4769 4783 5391
3658 1145 4374 1755
7271 8636 8686 9673
4364 1088 5520 1116
7832 4692 8686 5256
1818 3528 2762 3784
9485 4599 9991 6119
1277 1920 2229 3492
7284 9676 8617 9972
3552 6862 4379 7514
1637 45 3120 627
30 2886 1230 4004
558 7596 1898 8246
5998 1481 7470 1876
8503 7197 9159 8041
5020 540 5931 1037
1924 3797 2719 4526
3494 6171 4572 6857
837 1380 1196 1979
4789 3962 5870 5100
5107 1879 7783 2115
7741 5324 8203 5621
706 6 1589 640
3616 3489 4788 4745
8731 8051 9136 9560
2237 2433 2249 2756
2505 1018 3497 1500
5653 5122 6309 5892
1499 8303 2146 8319
8385 5388 8875 5773
5514 1123 5983 1517
7689 4417 7719 6935
2785 3366 3615 4663
6711 4279 7041 4509
4411 8536 5107 9197
6452 3027 8298 3061
649 8417 1183 8847
0 8851 1613 9997
5449 3025 5866 3524
881 641 1925 1314
7261 7685 8484 8621
8203 5799 8885 6165
3900 7884 5004 8527
5930 6147 6747 6992
8895 1910 9988 2771
5985 8 6892 1470
619 5758 2776 7555
6897 27 7483 1468
1201 1322 1888 1919
5123 5121 5642 6201
7726 6537 10000 7124
8179 6191 9334 6534
5395 214 5792 489
5012 7506 5930 8489
1737 4689 3334 5439
1910 8041 1911 8042
