5866 3860 6901 5676
8075 1479 8779 1877
75 64 1310 956
3212 772 3868 1753
3652 1755 3841 2060
923 7031 1767 8157
4462 1732 5824 2138
7534 8088 7657 9059
5175 5699 6185 6250
3021 2537 3190 2953
631 5019 1477 5840
5824 964 6590 2409
5023 4989 5761 5524
6710 1924 7254 2887
8341 458 9158 1454
1325 3208 2033 4166
3208 9 3765 772
250 1566 1372 2004
2215 2981 3373 4519
5120 663 5639 1181
314 5624 406 6739
1373 527 2787 1814
2233 1822 2494 2161
8489 1880 8824 2746
6352 6333 7296 7726
3397 3454 4128 4632
8438 5325 9809 5981
15 7379 915 8213
6406 7733 7707 8075
6635 955 7152 1436
1379 5883 2257 6641
9040 8383 9996 9145
636 4268 1527 4871
9410 6920 9991 7229
3423 8985 3690 9455
7298 5114 8411 6885
8110 6890 8435 8353
301 2550 970 2818
409 3313 1316 4223
1757 8957 2678 9963
5665 6315 6347 9940
7801 3775 8630 4025
4730 6350 5628 7031
5253 3831 5743 4534
4925 752 5120 1145
1212 8737 1745 9946
8855 2409 9962 3301
446 8277 1196 8823
3898 752 4904 1199
7453 2751 8821 3297
9409 7230 9998 8067
4457 1199 5659 1718
6419 8344 7087 8909
7667 8405 9037 9626
3870 1210 4448 2139
9267 3 9970 471
2804 685 3198 1500
252 1158 1155 1559
7450 4171 8580 5071
6904 3860 7447 5077
4815 7060 5665 7598
4454 8952 5653 9995
3 6763 918 7367
5666 104 5815 1697
2753 6781 3806 7344
4990 4535 5815 4922
3790 2 5075 743
4659 3509 4963 3690
9038 9152 9998 9999
5105 204 5519 648
7158 450 8337 1433
8445 6023 8981 7773
5616 235 5648 439
7856 7246 8091 7459
1 8835 1208 9999
7307 6887 8085 7244
9185 482 9991 1438
5705 2409 6647 3520
3027 9065 3420 9316
2789 12 3208 646
7300 1936 8481 2745
5816 8 7156 954
1498 162 1863 495
3690 8824 4130 9122
8982 5994 9980 6920
8138 0 9262 443
9153 8085 9962 8383
2164 8650 2360 8922
3483 2865 4198 3418
6942 5088 7295 5328
3876 6290 4711 7440
3 8213 441 8818
1882 28 2726 515
457 5335 594 5712
8455 7787 9096 8365
7442 3302 8943 3773
2679 9455 4409 10000
4161 3752 5130 4529
8963 3306 9989 4006
3589 2142 4758 2557
7200 4 8136 443
9045 6964 9405 7764
2505 7440 4177 8317
6596 1445 8011 1923
8827 1464 9999 2399
6676 2937 7371 3855
2687 8319 3683 8985
41 4444 622 4751
124 2009 1085 2437
7438 3428 7439 3429
