6992 3934 7780 5302
1510 8844 2363 9141
6095 5848 7024 6604
4222 4863 5174 5820
0 1068 566 2927
9068 2870 9498 3398
2936 4194 3882 4748
7067 5320 7964 5921
2559 8174 3540 9712
3778 1670 5834 2055
569 110 1604 1213
3887 4865 4215 5734
6498 8693 7957 9658
4001 3836 4652 4081
629 1298 961 1814
3175 2632 4181 3610
5508 7590 6257 8194
7377 1963 9965 2650
9220 2695 9474 2834
8053 8164 8701 9119
2560 6833 4072 8159
6262 7404 8044 8691
4816 6567 5454 7388
8649 2674 9039 2925
42 7644 1406 9058
7179 3502 7418 3911
101 3338 554 3823
9581 8131 9994 9183
3084 247 3829 1543
8718 8633 9549 9161
3855 1003 5518 1670
7078 5933 7216 6594
966 9212 2218 9999
8296 3485 9990 6015
32 572 263 1001
8939 3050 9066 3395
4257 5824 4772 6689
6003 6617 6497 7387
4376 7595 5505 9036
4249 2058 7346 3062
1604 9 1979 2440
2008 897 2924 1415
2192 5905 4072 6393
5508 8206 6236 9001
942 3679 1956 3989
5865 5696 6789 5824
2196 4749 3884 5902
154 5199 1019 5650
6512 6614 7206 7404
1829 4209 2912 4408
8547 9165 9402 9999
647 2443 3102 3672
6687 642 7197 944
4245 3065 6006 3813
4085 5855 4236 6682
8385 6068 9981 6922
4778 5830 5406 6548
5544 11 6619 1285
7987 4 8631 1951
4549 6713 4796 6951
7957 9120 8547 9999
2573 6399 4054 6813
8704 8161 9573 8631
9500 2657 9986 3462
8997 1602 9952 1951
8640 37 9200 1314
31 2989 524 3300
1412 8022 2555 8836
9201 22 10000 1575
7317 516 7978 1532
4688 3835 5895 4723
7805 3903 8283 4694
9344 6931 9997 8088
7216 5923 8108 7370
1444 5904 2174 6393
9417 9197 9993 9991
3895 4126 4681 4860
5055 9059 6466 9537
3542 8191 4357 9189
5148 7392 6227 7590
1417 7039 2476 8008
4081 6764 4374 8145
13 9061 965 9991
5016 9543 6497 9967
6632 9661 7951 9999
5407 5831 6090 6532
5175 4758 5859 5824
5455 6536 6002 7368
4095 9273 5010 9884
3856 4 5544 998
1979 5 3081 895
5907 4075 6941 5628
8123 7129 9333 8150
1351 5275 2186 5802
9602 6031 9603 6032
