6488 7041 6716 7494
6577 8027 8946 9979
8092 3225 9994 4039
3733 3813 5105 4606
705 41 1436 769
4512 8883 4606 9173
5329 20 6520 282
7337 613 9774 1330
4106 6592 4717 7100
5218 6084 6379 9169
4744 4688 5206 9158
8 3272 1142 6438
7360 2550 8092 7043
8811 4524 9888 5195
5328 283 6442 960
2281 5977 3148 9922
3154 8754 4383 9992
1148 4794 2275 6392
8218 1364 9483 2076
4686 9921 6498 9935
568 7056 2014 8118
6133 1020 7330 2306
1402 1446 2506 2353
3707 1 5326 959
3484 5350 3983 5843
4430 963 5033 2083
8182 2524 9136 3225
3706 965 4428 1784
8101 4040 9136 4511
5080 1808 6106 2291
4408 9176 6572 9921
6545 44 9998 610
1638 1414 3608 1421
6429 6006 7287 7037
6805 7231 8082 7845
506 8146 2197 9560
3149 7117 4723 8738
6558 3705 7332 5205
2532 2090 4895 3764
0 793 1059 2430
151 6442 1869 6984
1450 2 3705 1411
7332 1349 7957 2475
5037 962 6122 1803
14 2478 1500 3236
4900 2310 7007 3118
8093 7404 9268 7986
1071 769 1400 2470
6463 668 7291 987
1542 2359 2294 2867
5210 3198 6555 5999
4383 9476 4384 9477
