7108 6481 7842 8652
3568 6786 4093 7627
2635 6261 4158 6776
469 1358 2268 2653
352 3 810 551
3625 4745 4220 5820
8937 8444 9998 9986
464 6784 3546 8353
6168 8812 8584 9855
8525 3680 9627 4402
4093 7242 4366 7544
1471 3601 2658 6140
217 8889 584 9577
2865 4183 3528 5605
4219 6467 5701 7238
7863 6787 8477 8506
488 6196 2582 6778
6737 3817 8322 6081
874 8355 1549 8700
9574 168 9993 2190
8325 5370 9519 6767
8480 7542 9988 8440
4516 5934 5694 6466
7006 6101 7968 6416
8589 8500 8936 9854
6446 2137 7216 3399
9519 5395 10000 7457
7247 36 7915 3817
5485 1010 6389 1780
9645 3425 9984 5391
7926 27 9568 2176
17 2822 1431 6194
4256 4595 5690 5933
4510 3473 6632 4591
3662 7648 5347 7739
8 6526 457 8223
3041 5823 4247 6259
8396 4493 9644 5325
4542 2246 5557 3377
5702 4595 6736 7332
5734 7339 7108 7631
1952 8362 4833 9960
6394 840 7245 1368
5600 1939 6389 3462
9913 71 9986 121
8080 2262 9931 3424
8487 6772 9515 7526
2687 2407 4460 4150
5958 7687 7093 8208
3480 1362 5329 2222
5721 7479 5722 7480
