4650 6754 5624 7612
9 4287 945 5944
2452 2993 3311 4976
1273 253 1894 1010
307 86 444 521
4556 8589 5208 8911
2280 704 2292 4259
9817 5752 9995 6893
2862 1468 4449 2863
4829 2977 4842 4422
4665 328 5872 837
977 4323 2363 5094
4919 3926 6481 5496
6506 4931 7657 5563
8701 2286 9984 4242
9303 4243 9380 5023
7182 5593 7851 6667
9009 8841 10000 9976
5647 1139 7364 1611
3011 387 4380 1441
895 8203 1562 9023
6037 321 7377 643
7899 176 8824 677
875 9032 2155 9896
6428 1651 7494 2346
736 1604 981 2482
5641 5546 6137 7245
3370 5318 4270 5820
1569 6885 2210 9022
1200 5923 2013 6841
948 5100 2353 5921
6168 1742 6406 2882
9551 1017 9943 1726
251 9914 1779 9996
13 7060 688 7855
7915 7608 9051 8642
9159 7124 9930 8821
4453 1608 5533 2967
2213 6882 2734 9070
5576 1683 6139 2557
3394 3221 4665 4781
4173 8643 4430 9500
2753 7798 3608 9151
783 2538 1395 3064
2635 5959 3378 6777
8 8775 875 9905
8655 1658 9543 2285
5947 655 7286 1113
7197 7890 7914 9149
11 5961 1194 7023
5252 8591 7177 9992
1449 2458 1819 3451
3610 7619 5573 8589
6430 7143 7397 7885
0 7865 730 8773
6159 6175 7033 7121
776 4148 2081 4278
7587 1653 8649 2345
2171 9207 4045 9992
3936 4 7811 306
2091 3 2749 672
3947 6252 4644 6885
2755 6895 4611 7611
6422 2356 8692 3822
4655 6251 5610 6741
2054 5963 2630 6878
7365 686 9546 1651
3382 5831 3945 6882
4037 5824 5512 6247
9398 4254 9998 5302
5620 7687 6413 8539
0 3071 1444 4140
4431 8916 5244 9986
734 7081 1562 8199
7941 8823 9008 9508
8206 5305 9733 6377
6492 3823 8687 4922
8697 2846 8698 2847
