5442 2410 6714 3677
6177 4596 7152 8044
8310 4882 9124 5524
9208 1359 9796 1594
593 6011 887 7127
6678 8076 7074 8366
9152 1601 9721 1983
3606 3304 4730 4989
1000 690 1131 1658
4 3971 617 5468
3647 8777 4594 9330
250 1765 1141 2017
9478 5688 9965 6342
7328 2107 9009 3191
14 2017 2284 2660
6472 8484 8305 9998
8623 5586 9258 5987
173 827 615 1763
290 9244 3512 9998
3161 6007 4698 7367
2 2667 1067 3953
5366 147 5882 2370
1067 3021 3575 3027
2993 1027 3856 1566
8698 8511 9978 8762
1726 8750 3643 9244
893 5999 3151 7148
6600 3803 7807 4486
620 4666 1899 5996
8481 4614 9641 4877
3513 9427 5554 9979
9586 8771 9977 9807
3627 2758 5442 3302
9184 7163 9992 8510
6516 583 9962 1346
23 5470 593 7112
635 3960 1889 4659
3860 952 5365 2757
4653 661 4829 946
23 7153 2808 7976
2840 7375 4676 8722
8332 8775 9579 9999
3956 108 5706 134
6862 3243 8250 3655
4736 3684 6059 5303
1902 5280 4165 5987
4734 5311 6129 6199
5897 10 9993 576
283 8785 1629 8906
25 7977 2827 8731
6563 1400 9100 1945
7166 7160 9181 8468
4711 6846 6170 8613
1908 3694 3588 5268
6062 4211 6575 4590
5884 1080 6493 2190
6729 1949 6754 3171
8318 6351 9999 7160
7152 4506 8299 7107
1093 3608 1094 3609
