3036 1626 3878 3059
8525 7714 9582 8590
3261 275 3866 762
2183 5012 4049 6303
53 3018 863 3247
8112 8596 9593 9999
1140 3090 1815 3781
4954 3223 6045 4232
7170 5416 8840 7319
0 5 1311 3018
2968 3059 3251 4950
1313 33 2849 2776
3775 9006 4844 9949
4154 2881 4846 3062
3258 3067 4676 4755
8012 8481 8044 9404
2432 7042 3988 8152
6553 3713 8621 5416
9177 447 9993 1469
261 6317 605 6505
6304 7111 7126 7720
2724 6392 4050 7037
4422 6035 4589 8154
4596 5078 5914 6322
5480 478 6427 1115
2184 4031 2958 5011
4591 6327 5983 7573
2446 6331 2714 6783
8416 1483 9462 1938
0 6598 1041 8725
7230 7323 8521 8456
1846 2951 2273 3740
6304 2961 7236 3606
6848 13 7577 793
4345 5622 4584 5992
6595 6142 7040 6719
274 9230 433 9702
854 8741 1965 9346
4857 9112 5974 9972
606 5263 2183 6588
6002 9564 7021 9908
2924 9219 3304 9259
7912 9677 8109 9950
3887 922 5418 2839
4117 4776 4596 5587
3200 6303 3973 6391
9283 6756 9825 6902
454 3354 1093 3972
8003 2186 9329 3081
1047 6606 2421 7612
1043 7998 1978 8626
25 4188 1213 5260
2010 8170 6153 8980
6042 5576 6595 7055
7639 578 8336 1138
8339 447 9176 1480
8843 6906 9998 7714
5423 1268 5724 1859
2962 1969 3034 2315
2857 840 3795 1622
2281 2815 2815 4030
5812 1163 6465 1888
4590 7580 5561 8157
4686 4244 6015 5075
5984 5584 6040 7041
4050 6190 4418 8168
1213 3787 2183 5082
9597 7765 9998 9917
7601 1 9998 444
4183 33 6832 419
5923 5552 5924 5553
