668 1 2979 866
5054 5609 6974 7310
4421 1 6266 574
5394 2473 6037 3158
6039 2724 7002 3680
3543 597 4845 2508
7546 9157 8149 9887
7295 120 8136 817
8150 4627 9797 5723
6701 8713 7488 9360
7028 1687 8155 3070
5 4518 1472 5751
7152 3974 7319 4184
5167 2101 5559 2301
4859 577 5931 1483
2687 4567 4086 5905
4616 3197 4755 3404
4826 7311 6493 8315
1773 9488 3216 9997
8877 3496 9491 4041
8312 8530 9422 9527
2668 1369 3537 2140
6397 4198 7374 5129
7621 7668 9505 8197
8125 4050 9237 4625
2356 8772 3582 9487
7374 3821 8114 5099
8870 48 9941 580
6441 917 7464 1687
1066 1871 2193 2707
52 7765 791 8726
2279 3672 4232 4562
3583 8021 4793 9619
5394 3158 6038 3825
4242 3854 6391 5608
2257 6601 4791 8013
7646 8200 9261 8499
943 3411 1488 3877
8 6892 755 7759
17 3877 1857 4506
8009 6597 9148 7667
4337 5613 5007 6599
1648 2708 4312 3665
4759 2701 5393 3854
919 872 2664 1871
2335 8018 3579 8767
4802 8323 6701 9789
7489 8499 8312 9148
2144 9230 2326 9361
4312 6176 4313 6177
