503 6 3205 871
5019 5591 7343 7295
4245 2 6443 575
5397 2291 6037 3141
6039 2724 7002 3680
3539 579 4821 2519
7546 9157 8149 9887
7295 120 8136 817
8133 4623 9794 5710
6701 8713 7488 9360
7028 1687 8155 3070
5 4518 1472 5751
7154 3977 7333 4173
5190 2075 5567 2283
4860 577 5924 1490
2687 4567 4086 5905
4616 3197 4755 3404
4845 7308 6752 8390
1388 9480 3482 9997
8877 3496 9491 4041
8327 8536 9443 9528
2668 1369 3537 2140
6428 4173 7370 5372
7278 7669 9895 8200
8114 4041 9274 4622
2352 8741 3602 9479
7374 3821 8114 5099
8870 48 9941 580
6441 917 7464 1687
1066 1871 2193 2707
52 7765 791 8726
2124 3664 4192 4566
3608 7980 4796 9992
5399 3148 6038 3848
4199 3850 6427 5588
2068 6602 4830 7970
7263 8200 9396 8499
943 3411 1488 3877
8 6892 755 7759
10 3880 2000 4512
8009 6597 9148 7667
4337 5613 5007 6599
1576 2709 4406 3662
4758 2530 5386 3835
764 875 2652 1856
2034 7974 3602 8736
4803 8391 6694 9996
7490 8499 8323 9151
2143 9240 2345 9358
4312 6176 4313 6177
