11 2 3536 873
5034 5641 7901 7267
3581 6 7107 576
5385 2282 6037 3150
6039 2724 7002 3680
3539 579 4821 2519
7546 9157 8149 9887
7295 120 8136 817
8133 4623 9794 5710
6701 8713 7488 9360
7028 1687 8155 3070
5 4518 1472 5751
7154 3977 7333 4173
5181 2060 5551 2272
4860 577 5924 1490
2687 4567 4086 5905
4612 3186 4734 3422
4854 7275 7031 8377
931 9473 3612 9999
8877 3496 9491 4041
8327 8536 9443 9528
2686 1346 3512 2157
6448 4185 7374 5640
7035 7667 10000 8197
8115 4042 9918 4621
2341 8736 3607 9471
7374 3821 8114 5099
8870 48 9941 580
6441 917 7464 1687
1066 1871 2193 2707
52 7765 791 8726
2053 3655 4182 4565
3613 7972 4802 9999
5391 3151 6034 3863
4189 3863 6445 5613
1889 6635 4853 7972
7036 8197 9979 8518
943 3411 1488 3877
8 6892 755 7759
0 3882 2044 4518
8009 6597 9148 7667
4337 5613 5007 6599
1537 2713 4399 3655
4734 2520 5385 3860
3 874 2681 1869
984 7972 3612 8734
4805 8377 6699 10000
7493 8518 8325 9155
2127 9254 2336 9368
4312 6176 4313 6177
