0 2 3538 875
5034 5641 7901 7267
3581 6 7107 576
5405 2038 6020 3146
6039 2724 7002 3680
3539 579 4821 2519
7546 9157 8149 9887
7313 100 8148 802
8133 4623 9794 5710
6701 8713 7488 9360
7028 1687 8155 3070
5 4518 1472 5751
6979 4024 7387 4110
5026 2035 5357 2272
4940 577 5988 1504
2689 4607 4082 5951
4514 3200 4668 3387
4853 7268 6991 8435
221 9482 3604 9996
8877 3496 9491 4041
8327 8536 9443 9528
2721 1343 3509 2193
6450 4110 7388 5641
6998 7667 9999 8197
8098 4041 9998 4621
2299 8745 3601 9481
7388 3761 8097 5095
8887 33 10000 545
6441 917 7464 1687
1066 1871 2193 2707
52 7765 791 8726
2022 3656 4185 4607
3606 7972 4803 9999
5388 3149 6037 3862
4189 3863 6445 5613
1889 6635 4853 7972
7007 8197 9995 8518
909 3386 1460 3847
8 6892 755 7759
0 3849 2021 4518
8009 6597 9148 7667
4337 5613 5007 6599
1537 2713 4399 3655
4669 2519 5388 3863
3 875 2719 1871
799 7975 3595 8745
4806 8436 6699 9996
7488 8519 8325 9156
1872 9222 2298 9278
4312 6176 4313 6177
