1 3 3534 857
5034 5641 7901 7267
3581 6 7107 576
5405 2038 6020 3146
6039 2724 7002 3680
3539 579 4821 2519
7546 9157 8149 9887
7313 100 8148 802
8133 4623 9794 5710
6701 8713 7488 9360
7028 1687 8155 3070
5 4518 1472 5751
6911 4013 7272 4110
5149 2064 5391 2388
4940 577 5988 1504
2689 4607 4082 5951
4540 3186 4668 3411
4853 7268 6991 8435
221 9482 3604 9996
8877 3496 9491 4041
8327 8536 9443 9528
2721 1343 3509 2193
6450 4110 7388 5641
6991 7667 9996 8197
8099 4044 9999 4623
2301 8737 3605 9478
7388 3761 8097 5095
8837 38 9950 550
6441 917 7464 1687
1069 1904 2233 2713
52 7765 791 8726
2024 3657 4187 4606
3605 7980 4812 9998
5390 3151 6037 3863
4188 3863 6449 5611
1889 6635 4853 7972
6994 8198 9980 8536
909 3386 1460 3847
8 6892 755 7759
0 3849 2021 4518
8009 6597 9148 7667
4337 5613 5007 6599
1537 2713 4399 3655
4669 2519 5388 3863
4 863 2720 1902
792 7972 3603 8737
4812 8435 6700 9997
7492 8536 8325 9156
1575 9254 2298 9287
4312 6176 4313 6177
