5 0 3535 867
5034 5641 7901 7267
3581 6 7107 576
5405 2038 6020 3146
6039 2724 7002 3680
3539 579 4821 2519
7546 9157 8149 9887
7313 100 8148 802
8133 4623 9794 5710
6701 8713 7488 9360
7028 1687 8155 3070
5 4518 1472 5751
6899 4016 7272 4110
5160 2041 5392 2379
4940 577 5988 1504
2654 4665 4129 5934
4558 3186 4668 3448
4853 7268 6991 8435
221 9482 3604 9996
8877 3496 9491 4041
8337 8568 9418 9592
2721 1343 3509 2193
6450 4110 7388 5641
6991 7667 9996 8197
8099 4044 9999 4623
2301 8737 3605 9478
7388 3761 8097 5095
8815 6 9928 518
6441 917 7464 1687
1024 1917 2208 2713
52 7765 791 8726
2025 3658 4182 4665
3605 7980 4812 9998
5391 3148 6038 3863
4188 3863 6449 5611
1889 6635 4853 7972
6993 8197 9995 8536
909 3386 1460 3847
8 6892 755 7759
0 3849 2021 4518
8009 6597 9148 7667
4337 5613 5007 6599
1537 2713 4399 3655
4669 2519 5388 3863
2 867 2721 1913
792 7972 3603 8737
4812 8435 6700 9997
7494 8536 8334 9153
1636 9254 2298 9290
4312 6176 4313 6177
