2 2 3534 877
5034 5641 7901 7267
3581 6 7107 576
5405 2038 6020 3146
6071 2693 7018 3665
3539 579 4821 2519
7546 9157 8149 9887
7313 100 8148 802
8133 4623 9794 5710
6701 8713 7488 9360
7028 1687 8155 3070
5 4518 1472 5751
6859 4012 7217 4110
5176 2030 5402 2377
4940 577 5988 1504
2654 4665 4129 5934
4558 3209 4668 3471
4853 7268 6991 8435
221 9482 3604 9996
8877 3496 9491 4041
8337 8568 9418 9592
2721 1343 3509 2193
6450 4110 7388 5641
6991 7667 9996 8197
8099 4044 9999 4623
2305 8728 3604 9480
7388 3761 8097 5095
8815 6 9928 518
6441 917 7464 1687
1005 1924 2232 2692
34 7808 763 8782
2010 3658 4183 4665
3606 7974 4811 9997
5389 3151 6068 3862
4188 3863 6449 5611
1889 6635 4853 7972
6998 8200 9997 8551
917 3332 1426 3831
8 6892 755 7759
8 3833 1997 4518
8009 6597 9148 7667
4337 5613 5007 6599
1537 2713 4399 3655
4669 2519 5388 3863
6 878 2716 1921
781 7973 3601 8726
4812 8435 6700 9997
7490 8551 8327 9149
1671 9236 2298 9274
4312 6176 4313 6177
