0 2 3533 875
5034 5641 7901 7267
3581 6 7107 576
5413 2024 6023 3141
6071 2693 7018 3665
3539 579 4821 2519
7546 9157 8149 9887
7313 100 8148 802
8133 4623 9794 5710
6701 8713 7488 9360
7028 1687 8155 3070
5 4518 1472 5751
6738 4046 7286 4110
5169 2049 5406 2380
4940 577 5988 1504
2654 4665 4129 5934
4595 3127 4668 3521
4853 7268 6991 8435
221 9482 3604 9996
8877 3496 9491 4041
8337 8568 9418 9592
2721 1343 3509 2193
6450 4110 7388 5641
6991 7667 9996 8197
8099 4044 9999 4623
2305 8728 3604 9480
7388 3761 8097 5095
8758 41 9963 514
6441 917 7464 1687
1005 1924 2232 2692
34 7808 763 8782
2002 3658 4186 4660
3606 7974 4811 9997
5388 3147 6071 3874
4195 3874 6449 5635
1889 6635 4853 7972
6998 8200 9997 8551
917 3332 1426 3831
8 6892 755 7759
5 3835 2001 4518
8009 6597 9148 7667
4349 5640 5030 6610
1537 2713 4399 3655
4669 2519 5388 3863
6 878 2716 1921
766 7975 3590 8728
4812 8435 6700 9997
7489 8551 8336 9154
1643 9251 2301 9287
4312 6176 4313 6177
