6 1 3539 877
5034 5641 7901 7267
3581 6 7107 576
5413 2024 6023 3141
6071 2693 7018 3665
3539 579 4821 2519
7546 9157 8149 9887
7313 100 8148 802
8133 4623 9794 5710
6701 8713 7488 9360
7028 1687 8155 3070
5 4518 1472 5751
6616 4063 7363 4110
5120 2075 5357 2406
4940 577 5988 1504
2654 4665 4129 5934
4619 2825 4668 3413
4853 7268 6991 8435
221 9482 3604 9996
8877 3496 9491 4041
8337 8568 9418 9592
2730 1306 3538 2135
6450 4110 7388 5641
6997 7644 9999 8197
8099 4041 9989 4622
2306 8750 3605 9477
7388 3761 8097 5095
8740 57 9968 521
6419 893 7492 1627
1005 1924 2232 2692
34 7808 763 8782
1956 3655 4162 4662
3606 7974 4811 9997
5389 3141 6065 3871
4166 3874 6449 5634
1889 6635 4853 7972
6993 8200 9999 8563
798 3329 1416 3740
8 6892 755 7759
2 3750 1954 4518
8004 6613 9186 7644
4349 5640 5030 6610
1537 2713 4399 3655
4671 2524 5387 3872
6 877 2715 1922
764 7972 3599 8745
4812 8435 6700 9997
7494 8571 8335 9156
1601 9253 2298 9287
4312 6176 4313 6177
