24 1 3539 883
5034 5641 7901 7267
3581 6 7107 576
5413 2024 6023 3141
6102 2679 7019 3683
3539 579 4821 2519
7546 9157 8149 9887
7313 100 8148 802
8168 4668 9837 5750
6701 8713 7488 9360
7028 1687 8155 3070
5 4518 1472 5751
6663 4059 7352 4110
5120 2075 5357 2406
4940 577 5988 1504
2654 4665 4129 5934
4622 2853 4668 3480
4853 7268 6991 8435
221 9482 3604 9996
8877 3496 9491 4041
8337 8568 9418 9592
2730 1306 3538 2135
6456 4120 7388 5630
6997 7644 9999 8197
8131 4048 9993 4664
2307 8752 3604 9481
7388 3761 8097 5095
8740 57 9968 521
6405 894 7496 1616
1005 1924 2232 2692
34 7808 763 8782
1952 3656 4169 4665
3610 7976 4810 9998
5400 3142 6093 3866
4172 3874 6449 5640
1889 6635 4853 7972
6992 8200 9974 8556
798 3329 1416 3740
8 6892 755 7759
8 3742 1952 4514
8004 6613 9186 7644
4349 5640 5030 6610
1537 2713 4399 3655
4671 2522 5400 3862
1 883 2730 1921
765 7976 3606 8750
4812 8435 6700 9997
7495 8558 8337 9151
1614 9243 2298 9278
4312 6176 4313 6177
