24 1 3539 883
5034 5641 7901 7267
3581 6 7107 576
5413 2024 6023 3141
6102 2679 7019 3683
3539 579 4821 2519
7546 9157 8149 9887
7313 100 8148 802
8184 4692 9859 5770
6701 8713 7488 9360
7028 1687 8155 3070
5 4518 1472 5751
6625 4064 7387 4110
5123 2048 5357 2383
4940 577 5988 1504
2654 4665 4129 5934
4628 2774 4668 3494
4853 7268 6991 8435
221 9482 3604 9996
8877 3496 9491 4041
8356 8604 9436 9629
2730 1306 3538 2135
6454 4113 7386 5628
6992 7644 9997 8199
8100 4042 9976 4688
2307 8752 3604 9481
7388 3761 8097 5095
8740 57 9968 521
6405 894 7496 1616
1005 1924 2232 2692
34 7808 763 8782
1952 3656 4169 4665
3610 7976 4810 9998
5400 3142 6093 3866
4171 3868 6454 5631
1889 6635 4853 7972
7002 8200 9990 8584
798 3329 1416 3740
8 6892 755 7759
2 3747 1951 4518
8004 6613 9186 7644
4349 5640 5030 6610
1537 2713 4399 3655
4671 2522 5400 3862
1 883 2730 1921
763 7975 3605 8751
4812 8435 6700 9997
7496 8587 8354 9140
1478 9236 2298 9266
4312 6176 4313 6177
