3 0 3532 879
5034 5641 7901 7267
3532 2 6992 574
5413 2024 6023 3141
6102 2679 7019 3683
3539 579 4821 2519
7546 9157 8149 9887
7313 100 8148 802
8184 4692 9859 5770
6701 8713 7488 9360
7028 1687 8155 3070
5 4518 1472 5751
6612 4057 7277 4110
5093 2133 5390 2397
4940 577 5988 1504
2654 4665 4129 5934
4637 2569 4668 3509
4853 7268 6991 8435
221 9482 3604 9996
8877 3496 9491 4041
8356 8604 9436 9629
2730 1306 3538 2135
6455 4112 7388 5640
6994 7612 9983 8197
8102 4043 9989 4692
2301 8756 3608 9480
7388 3761 8097 5095
8740 57 9968 521
6405 894 7496 1616
1005 1924 2232 2692
34 7808 763 8782
1952 3656 4169 4665
3610 7976 4810 9998
5412 3146 6098 3868
4171 3873 6452 5640
1889 6635 4853 7972
6992 8200 9996 8587
709 3398 1452 3740
8 6892 755 7759
3 3748 1950 4516
7982 6608 9197 7611
4349 5640 5030 6610
1537 2713 4399 3655
4669 2523 5407 3865
1 883 2730 1921
773 7972 3610 8755
4812 8435 6700 9997
7492 8587 8352 9156
1341 9230 2298 9255
4312 6176 4313 6177
