17 4 3520 883
5034 5641 7901 7267
3535 1 7044 574
5413 2024 6023 3141
6102 2679 7019 3683
3539 579 4821 2519
7482 9270 8176 9904
7313 100 8148 802
8184 4692 9859 5770
6716 8687 7465 9367
7028 1687 8155 3070
5 4518 1472 5751
6661 4045 7201 4110
5070 2078 5380 2331
4940 577 5988 1504
2654 4665 4129 5934
4633 2555 4668 3410
4854 7268 6997 8438
221 9482 3604 9996
8850 3434 9501 3948
8356 8604 9436 9629
2730 1306 3538 2135
6455 4112 7388 5640
7004 7614 9993 8197
8100 3951 9997 4692
2300 8745 3601 9480
7388 3761 8097 5095
8740 57 9968 521
6405 894 7496 1616
1005 1924 2232 2692
34 7808 763 8782
1960 3656 4171 4662
3605 7982 4808 9999
5415 3144 6095 3873
4171 3873 6452 5640
1889 6635 4853 7972
6998 8200 9994 8604
706 3392 1436 3740
8 6892 755 7759
0 3743 1947 4518
7982 6608 9197 7611
4349 5640 5030 6610
1537 2713 4399 3655
4668 2529 5411 3863
1 883 2730 1921
764 7974 3582 8745
4811 8440 6715 9994
7472 8606 8356 9252
1440 9227 2298 9255
4312 6176 4313 6177
