3 2 3530 881
5034 5641 7901 7267
3535 1 7044 574
5413 2024 6023 3141
6102 2679 7019 3683
3539 579 4821 2519
7470 9278 8161 9915
7313 100 8148 802
8184 4692 9859 5770
6716 8687 7465 9367
7028 1687 8155 3070
5 4518 1472 5751
6635 4053 7255 4110
5072 2049 5369 2313
4940 577 5988 1504
2654 4665 4129 5934
4636 2537 4668 3453
4854 7268 6997 8438
221 9482 3604 9996
8850 3434 9501 3948
8356 8604 9436 9629
2730 1306 3538 2135
6456 4118 7388 5635
7004 7614 9993 8197
8100 3951 9997 4692
2300 8745 3601 9480
7388 3761 8097 5095
8740 57 9968 521
6405 894 7496 1616
1005 1924 2232 2692
34 7808 763 8782
1960 3656 4171 4662
3605 7982 4808 9999
5415 3144 6095 3873
4171 3873 6452 5640
1889 6635 4853 7972
7003 8199 9997 8604
706 3392 1436 3740
8 6892 755 7759
0 3743 1947 4518
7982 6608 9197 7611
4349 5640 5030 6610
1537 2713 4399 3655
4669 2537 5413 3872
1 882 2729 1922
764 7974 3582 8745
4811 8440 6715 9994
7471 8608 8355 9274
1445 9238 2298 9265
4312 6176 4313 6177
