7 2 3528 899
5034 5641 7901 7267
3535 2 7074 570
5413 2024 6023 3141
6102 2679 7019 3683
3539 579 4821 2519
7470 9278 8161 9915
7313 100 8148 802
8184 4692 9859 5770
6716 8687 7465 9367
7028 1687 8155 3070
5 4518 1472 5751
6846 4007 7186 4110
5031 2069 5386 2290
4940 577 5988 1504
2654 4665 4129 5934
4630 2699 4668 3456
4854 7268 6998 8440
221 9482 3604 9996
8850 3434 9501 3948
8356 8604 9436 9629
2730 1306 3538 2135
6431 4116 7387 5639
7004 7614 9993 8197
8110 3948 9996 4691
2300 8745 3601 9480
7388 3761 8097 5095
8740 57 9968 521
6410 881 7507 1599
1005 1924 2232 2692
34 7808 763 8782
1940 3655 4157 4658
3607 7973 4808 9997
5413 3144 6100 3868
4158 3873 6429 5639
1889 6635 4853 7972
6999 8200 9996 8603
706 3392 1436 3740
39 6902 877 7675
5 3743 1936 4518
7982 6608 9197 7611
4349 5640 5030 6610
1537 2713 4399 3655
4669 2522 5413 3858
14 901 2714 1921
764 7972 3588 8742
4811 8440 6715 9994
7479 8603 8356 9276
1444 9254 2298 9282
4312 6176 4313 6177
