1 1 3532 921
5034 5641 7901 7267
3535 2 7074 570
5436 2089 6082 3144
6102 2679 7019 3683
3539 579 4821 2519
7470 9278 8161 9915
7313 100 8148 802
8184 4692 9859 5770
6716 8687 7465 9367
7028 1687 8155 3070
5 4518 1472 5751
6729 4033 7181 4110
5033 2076 5410 2284
4940 577 5988 1504
2654 4665 4129 5934
4612 2892 4668 3402
4854 7268 6998 8440
221 9482 3604 9996
8850 3434 9501 3948
8356 8604 9436 9629
2730 1306 3538 2135
6431 4116 7387 5639
7004 7614 9993 8197
8100 3948 9993 4690
2317 8757 3603 9481
7388 3761 8097 5095
8740 57 9968 521
6410 881 7507 1599
785 2048 2211 2709
34 7808 763 8782
1917 3657 4140 4662
3607 7973 4808 9997
5413 3144 6100 3868
4140 3869 6429 5635
1889 6635 4853 7972
7001 8200 9993 8604
706 3392 1436 3740
39 6902 877 7675
9 3742 1905 4517
7982 6608 9197 7611
4349 5640 5030 6610
1537 2713 4399 3655
4669 2522 5413 3858
12 922 2722 2039
763 7974 3600 8755
4811 8440 6715 9994
7467 8606 8355 9278
1519 9224 2298 9255
4312 6176 4313 6177
