1 1 3532 921
5034 5641 7901 7267
3535 2 7074 570
5462 2031 6076 3141
6102 2679 7019 3683
3539 579 4821 2519
7470 9278 8161 9915
7313 100 8148 802
8184 4692 9859 5770
6733 8692 7424 9429
7028 1687 8155 3070
5 4518 1472 5751
6653 4050 7236 4110
4997 2077 5389 2277
4940 577 5988 1504
2654 4665 4129 5934
4586 3057 4668 3408
4854 7268 6998 8440
221 9482 3604 9996
8850 3434 9501 3948
8356 8604 9436 9629
2729 1189 3518 2038
6431 4116 7387 5639
7004 7614 9993 8197
8100 3948 9993 4690
2305 8755 3601 9482
7388 3761 8097 5095
8740 57 9968 521
6410 881 7507 1599
785 2048 2211 2709
34 7808 763 8782
1918 3658 4140 4661
3607 7973 4808 9997
5413 3144 6100 3868
4140 3869 6429 5635
1889 6635 4853 7972
6998 8200 9998 8604
706 3392 1436 3740
39 6902 877 7675
6 3743 1915 4515
7948 6605 9199 7579
4349 5640 5030 6610
1537 2713 4399 3655
4669 2522 5413 3858
10 921 2716 2047
763 7974 3600 8755
4813 8446 6733 9997
7431 8605 8340 9278
1617 9230 2298 9265
4312 6176 4313 6177
