1 1 3532 921
5034 5641 7901 7267
3535 2 7074 570
5462 2031 6076 3141
6102 2679 7019 3683
3539 579 4821 2519
7481 9300 8135 9973
7313 100 8148 802
8184 4692 9859 5770
6733 8692 7424 9429
7028 1687 8155 3070
5 4518 1472 5751
6735 4049 7283 4113
5105 2066 5412 2321
4875 577 5985 1452
2654 4665 4129 5934
4544 3162 4668 3395
4854 7268 6998 8440
161 9482 3525 9998
8850 3434 9501 3948
8356 8604 9436 9629
2734 1117 3484 2010
6431 4116 7387 5639
7004 7614 9993 8197
8099 3953 9991 4691
2305 8755 3601 9482
7388 3761 8097 5095
8740 57 9968 521
6410 881 7507 1599
762 2064 2232 2705
34 7808 763 8782
1936 3637 4137 4663
3604 7974 4813 9996
5413 3144 6100 3868
4140 3869 6429 5635
1889 6635 4853 7972
6998 8200 9998 8604
706 3392 1436 3740
39 6902 877 7675
2 3741 1932 4511
7948 6605 9199 7579
4349 5640 5030 6610
1492 2710 4422 3630
4668 2519 5412 3865
5 921 2728 2062
763 7974 3600 8755
4813 8440 6727 10000
7427 8616 8356 9298
1597 9232 2298 9266
4312 6176 4313 6177
