1 1 3532 921
5034 5641 7901 7267
3535 2 7074 570
5462 2031 6076 3141
6102 2679 7019 3683
3539 579 4821 2519
7481 9300 8135 9973
7320 137 8122 868
8184 4692 9859 5770
6733 8692 7424 9429
7028 1687 8155 3070
5 4518 1472 5751
6628 4064 7395 4110
5136 2027 5357 2382
4875 577 5985 1452
2654 4665 4129 5934
4549 3187 4668 3429
4854 7268 6998 8440
175 9487 3565 10000
8850 3434 9501 3948
8356 8604 9436 9629
2741 1145 3511 2015
6430 4114 7397 5635
7004 7614 9993 8197
8099 3953 9991 4691
2298 8757 3600 9482
7401 3785 8094 5150
8647 99 9930 543
6410 881 7507 1599
762 2064 2232 2705
34 7808 763 8782
1936 3637 4137 4663
3604 7974 4813 9996
5413 3144 6100 3868
4137 3872 6427 5640
1889 6635 4853 7972
6998 8200 9998 8604
706 3392 1436 3740
39 6902 877 7675
3 3742 1936 4516
7948 6605 9199 7579
4349 5640 5030 6610
1437 2724 4416 3629
4668 2519 5412 3865
5 921 2728 2062
765 7973 3598 8757
4813 8440 6727 10000
7431 8606 8355 9289
1687 9216 2298 9255
4312 6176 4313 6177
