1 1 3532 921
5034 5641 7901 7267
3535 2 7074 570
5425 1998 6021 3141
6102 2679 7019 3683
3539 579 4821 2519
7429 9359 8129 9988
7303 147 8106 877
8184 4692 9859 5770
6733 8692 7424 9429
7028 1687 8155 3070
5 4518 1472 5751
6771 4039 7263 4110
5170 1979 5419 2294
4875 577 5985 1452
2654 4665 4129 5934
4432 3265 4668 3387
4856 7268 6995 8446
175 9487 3565 10000
8763 3446 9478 3914
8356 8604 9436 9629
2741 1145 3511 2015
6405 4120 7400 5641
7083 7580 9907 8197
8097 3918 9993 4690
2299 8760 3612 9486
7401 3785 8094 5150
8623 87 9924 525
6410 881 7507 1599
716 2097 2246 2713
34 7808 763 8782
1939 3634 4134 4663
3613 7972 4785 9991
5426 3142 6098 3858
4136 3866 6395 5634
1889 6635 4853 7972
6995 8200 9999 8604
706 3392 1436 3740
39 6902 877 7675
3 3742 1936 4516
7948 6605 9199 7579
4349 5640 5030 6610
1437 2724 4416 3629
4668 2535 5425 3864
8 924 2736 2097
768 7976 3613 8760
4789 8446 6727 10000
7424 8608 8345 9358
1665 9218 2298 9255
4312 6176 4313 6177
