6 2 3532 909
5034 5641 7901 7267
3535 2 7074 570
5431 1980 6018 3141
6102 2679 7019 3683
3539 579 4821 2519
7433 9359 8122 9998
7230 146 8156 779
8184 4692 9859 5770
6733 8692 7424 9429
7028 1687 8155 3070
5 4518 1472 5751
6915 4000 7231 4111
5170 1983 5402 2321
4875 577 5985 1452
2654 4665 4129 5934
4480 3274 4668 3427
4856 7268 6995 8446
175 9487 3565 10000
8763 3446 9478 3914
8356 8604 9436 9629
2762 1155 3524 2034
6430 4115 7401 5639
7083 7580 9907 8197
8097 3918 9993 4690
2299 8763 3598 9484
7401 3785 8094 5150
8576 87 9895 519
6410 881 7507 1599
731 2103 2258 2720
34 7808 763 8782
1929 3630 4149 4659
3613 7972 4785 9991
5426 3142 6095 3864
4164 3864 6427 5640
1889 6635 4853 7972
6995 8200 9999 8604
706 3392 1436 3740
39 6902 877 7675
4 3740 1929 4518
7948 6605 9199 7579
4349 5640 5030 6610
1437 2724 4416 3629
4668 2519 5424 3864
11 910 2760 2102
766 7974 3609 8760
4789 8446 6727 10000
7427 8610 8344 9358
1599 9231 2298 9265
4312 6176 4313 6177
