6 2 3532 909
5039 5647 7918 7264
3535 2 7074 570
5431 1980 6018 3141
6102 2679 7019 3683
3539 579 4821 2519
7472 9382 8186 9999
7222 74 8166 695
8184 4692 9859 5770
6733 8692 7424 9429
7028 1687 8155 3070
5 4518 1472 5751
7028 3865 7165 4121
5184 1909 5400 2272
4875 577 5985 1452
2654 4665 4129 5934
4441 3268 4668 3395
4856 7268 6995 8446
175 9487 3565 10000
8763 3446 9478 3914
8356 8604 9436 9629
2762 1155 3524 2034
6429 4134 7401 5636
7083 7580 9907 8197
8095 3915 9985 4683
2314 8764 3611 9487
7401 3785 8094 5150
8576 87 9895 519
6410 881 7507 1599
731 2103 2258 2720
34 7808 763 8782
1945 3629 4135 4664
3615 7975 4789 10000
5424 3141 6098 3855
4138 3865 6426 5640
1889 6635 4853 7972
6995 8200 9999 8604
608 3430 1429 3740
39 6902 877 7675
13 3741 1944 4513
7948 6605 9199 7579
4349 5640 5030 6610
1437 2724 4416 3629
4668 2519 5424 3864
3 909 2762 2101
771 7972 3597 8764
4791 8446 6730 10000
7437 8608 8349 9380
1788 9237 2308 9283
4312 6176 4313 6177
