6 2 3532 909
5035 5647 7942 7251
3535 2 7074 570
5431 1980 6018 3141
6102 2679 7019 3683
3539 579 4821 2519
7426 9407 8185 9987
7222 74 8166 695
8184 4692 9859 5770
6733 8692 7424 9429
7062 1671 8128 3133
5 4518 1472 5751
7012 3882 7166 4110
5220 1827 5388 2294
4834 577 5983 1422
2654 4665 4129 5934
4428 3267 4668 3387
4856 7252 6980 8444
175 9487 3565 10000
8763 3446 9478 3914
8356 8604 9436 9629
2762 1155 3524 2034
6435 4112 7401 5645
7083 7580 9907 8197
8100 3914 9993 4691
2314 8764 3611 9487
7401 3785 8094 5150
8576 87 9895 519
6410 881 7507 1599
731 2103 2258 2720
3 7811 748 8764
1945 3629 4135 4664
3615 7975 4789 10000
5424 3142 6099 3865
4138 3865 6426 5640
1889 6635 4853 7972
6995 8200 9999 8604
566 3445 1427 3740
39 6902 877 7675
8 3742 1933 4517
7948 6605 9199 7579
4349 5640 5030 6610
1437 2724 4416 3629
4668 2519 5424 3864
3 909 2762 2101
751 7976 3613 8763
4791 8446 6730 10000
7431 8608 8344 9401
1816 9206 2300 9255
4312 6176 4313 6177
