5 3 3532 912
5035 5647 7942 7251
3535 2 7074 570
5431 1980 6018 3141
6102 2679 7019 3683
3539 579 4821 2519
7441 9407 8196 9990
7222 74 8166 695
8184 4692 9859 5770
6733 8692 7424 9429
7062 1671 8128 3133
5 4518 1472 5751
6860 4019 7248 4110
5113 2072 5366 2382
4849 572 6011 1408
2654 4665 4129 5934
4464 3283 4668 3424
4862 7252 6999 8441
175 9487 3565 10000
8749 3427 9436 3914
8356 8604 9436 9629
2783 1164 3515 2079
6435 4112 7401 5645
7083 7580 9907 8197
8099 3917 9995 4688
2314 8764 3611 9487
7419 3729 8084 5152
8576 87 9895 519
6371 915 7456 1641
671 2130 2301 2708
3 7811 748 8764
1934 3633 4136 4664
3611 7973 4787 9998
5430 3144 6099 3864
4138 3866 6429 5634
1889 6635 4853 7972
7001 8200 9999 8602
566 3445 1427 3740
39 6902 877 7675
8 3742 1933 4517
7948 6605 9199 7579
4349 5640 5030 6610
1437 2724 4416 3629
4668 2519 5424 3864
1 917 2767 2129
751 7972 3599 8764
4790 8444 6729 10000
7436 8603 8354 9404
1848 9234 2298 9287
4312 6176 4313 6177
