1 0 3534 912
5042 5646 7948 7250
3535 2 7074 570
5431 1980 6018 3141
6102 2679 7019 3683
3534 608 4847 2502
7441 9407 8196 9990
7112 21 8174 573
8184 4692 9859 5770
6733 8692 7424 9429
7060 1678 8111 3161
5 4518 1472 5751
6783 4038 7201 4122
5085 2103 5365 2383
4849 572 6011 1408
2654 4665 4129 5934
4476 3249 4668 3399
4865 7255 6987 8438
190 9488 3595 9999
8749 3427 9436 3914
8356 8604 9436 9629
2783 1164 3515 2079
6420 4133 7417 5638
7083 7580 9907 8197
8089 3921 9997 4692
2298 8765 3611 9487
7426 3691 8081 5134
8576 87 9895 519
6371 915 7456 1641
671 2130 2301 2708
24 7825 766 8782
1935 3629 4134 4662
3613 7975 4777 10000
5437 3141 6101 3886
4134 3888 6418 5627
1889 6635 4853 7972
6993 8200 9999 8604
566 3445 1427 3740
9 6896 798 7717
5 3742 1935 4516
7948 6605 9199 7579
4349 5640 5030 6610
1437 2734 4456 3627
4677 2508 5428 3884
5 914 2773 2130
768 7974 3609 8764
4783 8439 6733 9993
7425 8605 8356 9397
2130 9183 2298 9325
4312 6176 4313 6177
