15 4 3530 948
5042 5646 7948 7250
3535 2 7074 570
5431 1980 6018 3141
6102 2679 7019 3683
3534 608 4847 2502
7441 9407 8196 9990
7100 10 8210 538
8184 4692 9859 5770
6733 8692 7424 9429
7060 1678 8111 3161
5 4518 1472 5751
6827 4038 7318 4110
5051 2150 5421 2362
4849 572 6011 1408
2654 4665 4129 5934
4507 3217 4674 3389
4857 7254 6988 8437
190 9488 3595 9999
8749 3427 9436 3914
8387 8624 9472 9644
2783 1164 3515 2079
6426 4112 7438 5642
7083 7580 9907 8197
8089 3921 9997 4692
2298 8765 3611 9487
7440 3686 8089 5143
8595 77 9874 524
6364 929 7420 1675
690 2146 2364 2710
24 7825 766 8782
1939 3627 4121 4660
3613 7975 4777 10000
5431 3149 6101 3893
4135 3893 6421 5637
1889 6635 4853 7972
6997 8200 9996 8613
566 3445 1427 3740
9 6896 798 7717
2 3740 1938 4517
7948 6605 9199 7579
4349 5640 5030 6610
1437 2734 4456 3627
4678 2506 5425 3890
5 956 2783 2145
768 7974 3609 8764
4783 8439 6733 9993
7429 8615 8380 9399
2138 9237 2298 9386
4312 6176 4313 6177
