11 0 3498 959
5042 5646 7948 7250
3535 2 7074 570
5431 1980 6018 3141
6120 2674 7010 3708
3534 608 4847 2502
7441 9407 8196 9990
7100 10 8210 538
8184 4692 9859 5770
6733 8692 7424 9429
7060 1678 8111 3161
5 4518 1472 5751
6817 4025 7230 4110
5051 2150 5421 2362
4888 577 5977 1469
2654 4665 4129 5934
4486 3236 4678 3387
4860 7252 7011 8431
190 9488 3595 9999
8749 3427 9436 3914
8406 8627 9482 9656
2783 1164 3515 2079
6426 4112 7438 5642
7083 7580 9907 8197
8089 3921 9997 4692
2298 8765 3611 9487
7440 3686 8089 5143
8553 88 9869 521
6364 929 7420 1675
691 2169 2359 2734
24 7825 766 8782
1939 3627 4121 4660
3612 7987 4791 9991
5434 3148 6118 3893
4135 3893 6421 5637
1889 6635 4853 7972
7020 8200 9997 8623
562 3421 1359 3740
9 6896 798 7717
2 3740 1938 4517
7976 6534 9153 7570
4349 5640 5030 6610
1437 2734 4456 3627
4678 2506 5425 3890
10 961 2772 2167
768 7974 3609 8764
4791 8437 6728 9983
7426 8633 8405 9406
2150 9246 2298 9407
4312 6176 4313 6177
