8 0 3521 954
5042 5646 7948 7250
3535 2 7074 570
5460 1980 6047 3141
6142 2706 7050 3720
3539 603 4882 2455
7441 9407 8196 9990
7119 45 8230 573
8184 4692 9859 5770
6733 8692 7424 9429
7060 1678 8111 3161
5 4518 1472 5751
6899 4010 7247 4110
5015 2176 5428 2366
4888 577 5977 1469
2654 4665 4129 5934
4468 3243 4668 3387
4860 7252 7011 8431
90 9498 3612 9993
8749 3427 9436 3914
8406 8627 9482 9656
2783 1164 3515 2079
6429 4111 7449 5642
7083 7580 9907 8197
8089 3921 9997 4692
2306 8764 3608 9498
7452 3661 8083 5160
8553 88 9869 521
6364 929 7420 1675
691 2169 2359 2734
24 7825 766 8782
1936 3627 4131 4665
3612 7975 4792 9990
5424 3154 6142 3881
4134 3882 6429 5639
1889 6635 4853 7972
7012 8200 9998 8627
515 3428 1329 3740
9 6896 798 7717
23 3742 1936 4513
7962 6529 9159 7547
4349 5640 5030 6610
1437 2734 4456 3627
4670 2473 5415 3875
9 956 2764 2169
767 7976 3598 8762
4793 8432 6727 10000
7424 8629 8400 9407
2143 9240 2298 9394
4312 6176 4313 6177
