15 1 3529 957
5042 5646 7948 7250
3535 2 7074 570
5460 1980 6047 3141
6142 2706 7050 3720
3539 603 4882 2455
7441 9407 8196 9990
7075 49 8284 534
8184 4692 9859 5770
6763 8627 7420 9402
7060 1678 8111 3161
5 4518 1472 5751
7013 3918 7196 4110
5011 2126 5435 2311
4888 577 5977 1469
2654 4665 4129 5934
4515 3200 4668 3388
4860 7252 7011 8431
78 9500 3567 9999
8749 3427 9436 3914
8406 8627 9482 9656
2783 1164 3515 2079
6446 4110 7452 5645
7083 7580 9907 8197
8104 3915 9997 4690
2306 8764 3608 9498
7452 3661 8083 5160
8553 88 9869 521
6364 929 7420 1675
691 2169 2359 2734
24 7825 766 8782
1936 3627 4131 4665
3612 7975 4792 9990
5424 3154 6142 3881
4136 3886 6446 5638
1889 6635 4853 7972
7012 8200 9998 8627
515 3428 1329 3740
9 6896 798 7717
7 3744 1919 4516
7962 6529 9159 7547
4329 5695 5037 6628
1437 2734 4456 3627
4676 2464 5418 3874
2 957 2779 2168
768 7974 3587 8761
4793 8435 6762 9998
7424 8629 8400 9407
2158 9221 2298 9391
4312 6176 4313 6177
