212 2 3438 864
5009 5593 7542 7274
4130 2 6595 575
5391 2275 6029 3141
6039 2724 7002 3680
3539 579 4821 2519
7546 9157 8149 9887
7295 120 8136 817
8133 4623 9794 5710
6701 8713 7488 9360
7028 1687 8155 3070
5 4518 1472 5751
7154 3977 7333 4173
5181 2060 5551 2272
4860 577 5924 1490
2687 4567 4086 5905
4612 3186 4734 3422
4843 7284 6889 8373
1189 9475 3613 9995
8877 3496 9491 4041
8327 8536 9443 9528
2668 1369 3537 2140
6428 4174 7367 5456
7081 7668 9999 8197
8114 4041 9274 4622
2345 8740 3610 9473
7374 3821 8114 5099
8870 48 9941 580
6441 917 7464 1687
1066 1871 2193 2707
52 7765 791 8726
2057 3664 4176 4567
3615 7972 4808 9990
5401 3142 6034 3851
4191 3857 6427 5591
2042 6600 4842 7967
7067 8200 9643 8500
943 3411 1488 3877
8 6892 755 7759
22 3877 2050 4518
8009 6597 9148 7667
4337 5613 5007 6599
1568 2708 4390 3663
4743 2520 5389 3856
595 870 2659 1871
1898 7968 3599 8740
4811 8373 6697 9998
7493 8500 8326 9154
2143 9240 2345 9358
4312 6176 4313 6177
