0 0 3533 953
5042 5646 7948 7250
3535 2 7074 570
5460 1980 6047 3141
6142 2706 7050 3720
3539 603 4882 2455
7369 9438 8212 9960
7075 49 8284 534
8184 4692 9859 5770
6763 8627 7420 9402
7060 1678 8111 3161
5 4518 1472 5751
7043 3915 7223 4110
4946 2082 5359 2272
4888 577 5977 1469
2654 4665 4129 5934
4513 3201 4668 3387
4860 7252 7011 8431
87 9500 3586 9997
8749 3427 9436 3914
8406 8627 9482 9656
2783 1164 3515 2079
6437 4122 7451 5646
7083 7580 9907 8197
8084 3919 10000 4689
2306 8764 3608 9498
7452 3661 8083 5160
8553 88 9869 521
6364 929 7420 1675
691 2169 2359 2734
4 7777 665 8854
1919 3632 4132 4664
3612 7975 4792 9990
5422 3154 6140 3898
4137 3899 6428 5646
1889 6635 4853 7972
7015 8197 9999 8624
463 3429 1280 3740
9 6896 798 7717
7 3744 1919 4516
7962 6529 9159 7547
4329 5695 5037 6628
1437 2734 4456 3627
4676 2464 5418 3874
2 957 2779 2168
704 7975 3603 8764
4793 8435 6762 9998
7423 8635 8406 9421
2120 9254 2298 9388
4312 6176 4313 6177
