0 0 3533 953
5042 5646 7948 7250
3535 2 7074 570
5460 1980 6047 3141
6142 2706 7050 3720
3539 603 4882 2455
7342 9492 8262 9970
7086 43 8249 547
8184 4692 9859 5770
6763 8627 7420 9402
7060 1678 8111 3161
5 4518 1472 5751
7138 3950 7357 4110
4896 2178 5396 2335
4888 577 5977 1469
2654 4665 4129 5934
4525 3224 4674 3417
4853 7258 7016 8427
90 9494 3605 9989
8749 3427 9436 3914
8406 8627 9482 9656
2783 1164 3515 2079
6428 4112 7451 5637
7059 7597 9948 8200
8111 3916 10000 4691
2302 8760 3608 9493
7452 3661 8083 5160
8563 110 9907 534
6364 929 7420 1675
691 2169 2359 2734
3 7765 671 8828
1901 3622 4116 4662
3612 7975 4792 9990
5424 3148 6141 3895
4137 3899 6428 5646
1889 6635 4853 7972
7022 8200 9997 8627
451 3428 1265 3740
9 6896 798 7717
21 3742 1899 4513
7962 6529 9159 7547
4329 5695 5037 6628
1394 2738 4495 3608
4676 2464 5418 3874
2 957 2779 2168
680 7976 3603 8760
4793 8427 6761 9995
7432 8641 8401 9469
1974 9182 2298 9255
4312 6176 4313 6177
