0 0 3533 953
5042 5646 7948 7250
3535 2 7074 570
5424 1985 6014 3141
6142 2706 7050 3720
3539 603 4882 2455
7352 9492 8245 9985
7075 5 8238 509
8184 4692 9859 5770
6763 8627 7420 9402
7089 1717 8144 3194
5 4518 1472 5751
7127 3931 7323 4110
4928 2148 5372 2324
4888 577 5977 1469
2654 4665 4129 5934
4584 3111 4668 3454
4853 7258 7016 8427
71 9500 3599 9993
8749 3427 9436 3914
8406 8627 9482 9656
2783 1164 3515 2079
6428 4112 7451 5637
7051 7599 9965 8197
8084 3914 9986 4692
2316 8752 3608 9498
7452 3661 8083 5160
8563 110 9907 534
6364 929 7420 1675
691 2169 2359 2734
3 7765 671 8828
1906 3600 4132 4660
3612 7975 4792 9990
5424 3148 6141 3895
4134 3895 6424 5646
1889 6635 4853 7972
7016 8200 10000 8627
451 3428 1265 3740
9 6896 798 7717
5 3744 1904 4513
7962 6529 9159 7547
4329 5695 5037 6628
1373 2741 4519 3598
4676 2464 5418 3874
2 957 2779 2168
673 7973 3609 8750
4793 8427 6761 9995
7424 8628 8404 9488
2129 9254 2298 9395
4312 6176 4313 6177
