7 2 3518 963
5042 5646 7948 7250
3535 2 7074 570
5432 1998 6028 3141
6142 2706 7050 3720
3539 603 4882 2455
7347 9492 8247 9981
7075 5 8238 509
8184 4692 9859 5770
6763 8627 7420 9402
7072 1691 8092 3219
5 4518 1472 5751
7164 3932 7361 4110
4906 2196 5390 2358
4888 577 5977 1469
2654 4665 4129 5934
4611 3109 4668 3630
4853 7258 7016 8427
71 9500 3599 9993
8764 3432 9458 3914
8442 8638 9567 9622
2817 1136 3522 2086
6424 4113 7446 5639
7051 7599 9965 8197
8084 3914 9986 4692
2313 8752 3612 9499
7452 3661 8083 5160
8522 110 9856 537
6344 941 7404 1684
691 2169 2359 2734
3 7765 671 8828
1906 3600 4132 4660
3612 7975 4792 9990
5424 3148 6141 3895
4134 3895 6424 5646
1889 6635 4853 7972
7016 8200 10000 8627
451 3428 1265 3740
9 6896 798 7717
3 3743 1898 4514
7962 6529 9159 7547
4329 5695 5037 6628
1373 2741 4519 3598
4676 2464 5418 3874
14 963 2785 2169
673 7973 3609 8750
4793 8427 6761 9995
7433 8630 8428 9491
2139 9207 2298 9357
4312 6176 4313 6177
