12 4 3531 972
5042 5646 7948 7250
3535 2 7074 570
5448 1970 6029 3143
6188 2685 7046 3758
3539 603 4882 2455
7347 9492 8247 9981
7075 5 8238 509
8184 4692 9859 5770
6763 8627 7420 9402
7072 1691 8092 3219
5 4518 1472 5751
7064 3951 7284 4110
4914 2172 5447 2319
4888 577 5977 1469
2654 4665 4129 5934
4636 2632 4668 3539
4859 7251 7008 8427
71 9500 3599 9993
8726 3455 9455 3914
8442 8638 9567 9622
2817 1136 3522 2086
6427 4110 7452 5639
7051 7599 9965 8197
8092 3920 9997 4689
2313 8752 3612 9499
7452 3661 8083 5160
8549 57 9877 486
6328 925 7394 1664
691 2169 2359 2734
3 7765 671 8828
1906 3600 4132 4660
3612 7975 4792 9990
5428 3153 6186 3886
4134 3895 6424 5646
1889 6635 4853 7972
7010 8200 9999 8626
437 3426 1246 3740
9 6896 798 7717
1 3741 1906 4517
7962 6529 9159 7547
4329 5695 5037 6628
1373 2741 4519 3598
4676 2464 5418 3874
4 974 2816 2166
673 7973 3609 8750
4793 8427 6761 9995
7431 8626 8441 9486
2196 9069 2310 9278
4312 6176 4313 6177
