14 4 3527 974
5042 5646 7948 7250
3535 2 7074 570
5448 1970 6029 3143
6188 2685 7046 3758
3539 603 4882 2455
7347 9492 8247 9981
7075 5 8238 509
8184 4692 9859 5770
6763 8627 7420 9402
7072 1691 8092 3219
5 4518 1472 5751
7104 3856 7242 4110
4926 2204 5435 2358
4888 577 5977 1469
2654 4665 4129 5934
4643 2456 4668 3601
4859 7251 7008 8427
71 9500 3599 9993
8732 3471 9488 3914
8442 8638 9567 9622
2817 1136 3522 2086
6427 4110 7452 5639
7051 7599 9965 8197
8083 3919 9990 4690
2303 8753 3612 9499
7452 3661 8083 5160
8549 57 9877 486
6328 925 7394 1664
711 2167 2361 2738
3 7765 671 8828
1906 3600 4132 4660
3612 7975 4792 9990
5421 3144 6184 3894
4134 3895 6424 5646
1889 6635 4853 7972
7011 8200 9995 8627
437 3426 1246 3740
9 6896 798 7717
1 3741 1906 4517
7978 6521 9160 7552
4329 5695 5037 6628
1373 2741 4519 3598
4676 2464 5418 3874
4 974 2816 2166
673 7973 3609 8750
4793 8427 6761 9995
7420 8633 8441 9490
2197 9040 2298 9276
4312 6176 4313 6177
