3 0 3520 1003
5042 5646 7948 7250
3535 2 7074 570
5448 1970 6029 3143
6188 2685 7046 3758
3539 603 4882 2455
7330 9492 8240 9976
7075 5 8238 509
8170 4711 9896 5757
6763 8627 7420 9402
7072 1691 8092 3219
5 4518 1472 5751
7099 3646 7174 4110
5005 2136 5413 2328
4888 577 5977 1469
2654 4665 4129 5934
4645 2496 4668 3761
4855 7250 7011 8424
71 9500 3599 9993
8696 3491 9487 3914
8442 8638 9567 9622
2817 1136 3522 2086
6426 4115 7451 5634
7033 7607 9981 8198
8085 3914 9994 4702
2303 8753 3612 9499
7452 3661 8083 5160
8500 91 9970 478
6311 921 7393 1649
711 2167 2361 2738
3 7765 671 8828
1924 3603 4129 4662
3618 7973 4793 10000
5409 3145 6187 3889
4134 3895 6424 5646
1889 6635 4853 7972
7011 8200 9995 8627
406 3437 1244 3740
49 6927 837 7749
5 3744 1923 4516
7978 6521 9160 7552
4329 5695 5037 6628
1373 2741 4519 3598
4675 2460 5408 3887
0 1003 2817 2158
673 7973 3609 8750
4793 8427 6761 9995
7422 8634 8441 9492
2083 9148 2298 9259
4312 6176 4313 6177
