15 0 3534 1012
5042 5646 7948 7250
3535 2 7074 570
5448 1970 6029 3143
6188 2685 7046 3758
3539 603 4882 2455
7353 9492 8235 9991
7074 73 8230 580
8170 4711 9896 5757
6762 8639 7347 9510
7072 1691 8092 3219
5 4518 1472 5751
7137 3304 7180 4110
4899 2103 5372 2272
4888 577 5977 1469
2654 4665 4129 5934
4640 2554 4668 3577
4858 7254 7022 8436
23 9512 3609 9997
8598 3485 9378 3914
8442 8638 9567 9622
2817 1136 3522 2086
6427 4113 7452 5646
7033 7607 9981 8198
8087 3918 9997 4710
2306 8742 3609 9491
7452 3661 8083 5160
8544 60 9908 478
6259 956 7359 1672
603 2212 2429 2728
3 7765 671 8828
1949 3598 4124 4660
3612 7975 4764 9989
5416 3154 6188 3904
4129 3904 6425 5642
1889 6635 4853 7972
7041 8200 9990 8638
380 3448 1250 3740
49 6927 837 7749
12 3740 1910 4513
7978 6521 9160 7552
4329 5695 5037 6628
1373 2741 4519 3598
4675 2460 5408 3887
2 1012 2815 2211
680 7972 3612 8742
4766 8436 6761 10000
7353 8643 8439 9486
2086 9177 2298 9290
4312 6176 4313 6177
