13 1 3525 1009
5042 5646 7948 7250
3535 2 7074 570
5448 1970 6029 3143
6201 2604 7044 3696
3539 603 4882 2455
7353 9492 8235 9991
7102 107 8147 668
8170 4711 9896 5757
6771 8619 7347 9503
7072 1691 8092 3219
5 4518 1472 5751
7159 3534 7217 4110
4964 2103 5388 2288
4888 577 5977 1469
2654 4665 4129 5934
4637 2516 4668 3428
4857 7253 7033 8432
23 9512 3609 9997
8598 3485 9378 3914
8477 8622 9584 9622
2812 1103 3486 2097
6436 4111 7470 5645
7033 7607 9981 8198
8076 3914 9997 4707
2306 8742 3609 9491
7475 3566 8074 5145
8498 110 9948 503
6250 962 7361 1671
589 2248 2507 2739
25 7788 654 8917
1974 3600 4131 4659
3614 7982 4774 9999
5432 3143 6200 3884
4133 3887 6428 5644
1889 6635 4853 7972
7049 8198 9994 8612
386 3468 1320 3740
49 6927 837 7749
7 3741 1973 4517
7998 6483 9172 7521
4326 5651 5016 6607
1373 2741 4519 3598
4675 2460 5408 3887
3 1022 2806 2247
673 7973 3609 8738
4775 8432 6762 9993
7350 8612 8465 9489
2194 9125 2298 9354
4312 6176 4313 6177
