11 4 3533 1025
5042 5646 7948 7250
3535 2 7074 570
5448 1970 6029 3143
6201 2604 7044 3696
3539 603 4882 2455
7353 9492 8235 9991
7102 107 8147 668
8170 4711 9896 5757
6771 8619 7347 9503
7072 1691 8092 3219
5 4518 1472 5751
7146 3351 7192 4110
4943 2141 5357 2331
4910 570 6004 1457
2654 4665 4129 5934
4641 2522 4671 3485
4857 7253 7033 8432
23 9512 3609 9997
8598 3485 9378 3914
8477 8622 9584 9622
2795 1115 3487 2083
6434 4110 7470 5639
7033 7607 9981 8198
8076 3914 9997 4707
2306 8742 3609 9491
7475 3566 8074 5145
8387 110 9883 491
6250 962 7361 1671
560 2252 2510 2735
25 7788 654 8917
1981 3599 4128 4664
3617 7981 4773 9997
5410 3145 6201 3876
4133 3887 6428 5644
1889 6635 4853 7972
7033 8200 9999 8617
386 3468 1320 3740
49 6927 837 7749
7 3741 1973 4517
7954 6503 9196 7484
4322 5674 5040 6594
1373 2741 4519 3598
4675 2460 5408 3887
6 1026 2793 2242
655 7973 3610 8740
4784 8436 6769 10000
7348 8622 8476 9477
2132 9238 2298 9382
4312 6176 4313 6177
