11 4 3533 1025
5042 5646 7948 7250
3535 2 7074 570
5449 1963 6025 3146
6201 2604 7044 3696
3539 603 4882 2455
7353 9492 8235 9991
7102 107 8147 668
8170 4711 9896 5757
6771 8619 7347 9503
7072 1691 8092 3219
5 4518 1472 5751
7146 3298 7189 4110
5017 2077 5416 2272
4902 577 6012 1452
2654 4665 4129 5934
4635 2571 4668 3481
4857 7253 7033 8432
23 9512 3609 9997
8598 3485 9378 3914
8477 8622 9584 9622
2795 1115 3487 2083
6435 4111 7483 5646
7033 7607 9981 8198
8094 3914 10000 4706
2306 8742 3609 9491
7501 3564 8085 5184
8378 90 9857 475
6250 962 7361 1671
575 2247 2534 2728
25 7788 654 8917
1976 3578 4115 4660
3616 7978 4782 9985
5413 3151 6196 3882
4133 3887 6428 5644
1889 6635 4853 7972
7033 8200 9999 8617
386 3468 1320 3740
49 6927 837 7749
7 3741 1973 4517
7954 6503 9196 7484
4322 5674 5040 6594
1332 2731 4522 3576
4675 2460 5408 3887
6 1026 2793 2242
655 7973 3610 8740
4784 8436 6769 10000
7348 8621 8473 9487
2165 9206 2298 9385
4312 6176 4313 6177
