2 0 3524 1017
5042 5646 7948 7250
3535 2 7074 570
5449 1963 6025 3146
6201 2604 7044 3696
3539 603 4882 2455
7362 9492 8253 9986
7102 107 8147 668
8170 4711 9896 5757
6770 8623 7354 9495
7072 1691 8092 3219
5 4518 1472 5751
7164 3535 7227 4110
5064 2092 5416 2315
4902 577 6012 1452
2654 4665 4129 5934
4638 2465 4668 3387
4856 7250 7023 8431
9 9535 3606 10000
8598 3485 9378 3914
8477 8622 9584 9622
2795 1115 3487 2083
6434 4112 7500 5646
7033 7607 9981 8198
8088 3914 9985 4709
2306 8742 3609 9491
7501 3562 8082 5190
8312 99 9926 452
6250 962 7361 1671
494 2265 2516 2731
3 7756 636 8878
1990 3578 4118 4660
3613 7987 4779 9994
5409 3152 6189 3884
4133 3887 6428 5644
1889 6635 4853 7972
7038 8200 9989 8622
287 3491 1309 3740
49 6927 837 7749
8 3742 1984 4513
7954 6503 9196 7484
4323 5647 5039 6570
1332 2731 4522 3576
4675 2460 5408 3887
5 1028 2795 2265
643 7972 3610 8735
4784 8436 6769 10000
7356 8633 8474 9492
2217 9107 2298 9399
4312 6176 4313 6177
