22 0 3502 1027
5042 5646 7948 7250
3535 2 7074 570
5449 1963 6025 3146
6201 2604 7044 3696
3539 603 4882 2455
7362 9492 8253 9986
7102 107 8147 668
8170 4711 9896 5757
6770 8623 7354 9495
7072 1691 8092 3219
5 4518 1472 5751
7094 3617 7165 4110
5063 2109 5433 2321
4902 577 6012 1452
2654 4665 4129 5934
4638 2603 4671 3511
4871 7256 7031 8399
22 9508 3571 9998
8598 3485 9378 3914
8477 8622 9584 9622
2795 1115 3487 2083
6432 4125 7497 5643
7033 7607 9981 8198
8085 3914 9996 4702
2306 8742 3609 9491
7501 3562 8082 5190
8326 97 9927 453
6299 959 7439 1650
442 2320 2571 2731
3 7756 636 8878
1977 3580 4128 4653
3613 7987 4779 9994
5415 3152 6201 3886
4133 3887 6428 5644
1889 6635 4853 7972
7038 8200 9998 8620
211 3505 1292 3740
49 6927 837 7749
3 3742 1974 4517
7954 6503 9196 7484
4313 5659 5024 6588
1332 2731 4522 3576
4675 2460 5408 3887
6 1028 2775 2312
643 7975 3607 8742
4782 8399 6767 9992
7361 8622 8463 9481
2104 9149 2306 9267
4312 6176 4313 6177
