2 3 3520 1013
5042 5646 7948 7250
3535 2 7074 570
5449 1963 6025 3146
6201 2604 7044 3696
3539 603 4882 2455
7362 9492 8253 9986
7146 163 8104 775
8170 4711 9896 5757
6770 8623 7354 9495
7072 1691 8092 3219
5 4518 1472 5751
7137 3545 7199 4110
5079 2139 5378 2401
4902 577 6012 1452
2654 4665 4129 5934
4634 2544 4668 3396
4854 7258 7023 8397
22 9508 3571 9998
8598 3485 9378 3914
8477 8622 9584 9622
2795 1115 3487 2083
6438 4116 7500 5636
7033 7607 9981 8198
8096 3925 9999 4711
2306 8742 3609 9491
7501 3562 8082 5190
8238 70 9937 406
6349 957 7460 1666
349 2312 2608 2728
7 7772 651 8875
2002 3576 4144 4657
3615 7983 4770 10000
5413 3161 6198 3901
4144 3904 6431 5645
1889 6635 4853 7972
7024 8200 9991 8622
211 3505 1292 3740
49 6927 837 7749
1 3749 1998 4516
7954 6503 9196 7484
4316 5684 5025 6613
1332 2731 4522 3576
4675 2460 5408 3887
15 1015 2787 2310
683 7972 3607 8737
4782 8399 6767 9992
7360 8629 8476 9484
2145 9133 2300 9286
4312 6176 4313 6177
