21 0 3534 1055
5042 5646 7948 7250
3535 2 7074 570
5449 1963 6025 3146
6201 2604 7044 3696
3539 603 4882 2455
7362 9492 8253 9986
7085 210 8119 777
8170 4711 9896 5757
6770 8623 7354 9495
7072 1691 8092 3219
5 4518 1472 5751
7134 3424 7185 4110
5018 2196 5402 2400
4902 577 6012 1452
2654 4665 4129 5934
4636 2669 4668 3567
4861 7251 7021 8394
22 9508 3571 9998
8566 3493 9361 3914
8477 8622 9584 9622
2795 1115 3487 2083
6435 4114 7495 5638
7033 7607 9981 8198
8088 3924 9996 4710
2306 8742 3609 9491
7501 3562 8082 5190
8141 53 9962 373
6349 957 7460 1666
366 2303 2608 2723
10 7768 667 8849
1971 3571 4144 4665
3609 7982 4778 9996
5417 3148 6193 3903
4144 3904 6431 5645
1889 6635 4853 7972
7023 8198 9991 8621
211 3505 1292 3740
49 6927 837 7749
4 3740 1967 4516
7954 6503 9196 7484
4323 5669 5014 6625
1334 2726 4544 3566
4675 2460 5408 3887
7 1057 2787 2300
671 7972 3596 8741
4782 8399 6767 9992
7354 8626 8473 9491
2082 9254 2298 9364
4312 6176 4313 6177
