1 9 3547 1070
5042 5646 7948 7250
3547 1 7062 572
5431 1962 6009 3141
6201 2604 7044 3696
3568 588 4898 2458
7362 9492 8253 9986
7076 135 8053 735
8170 4711 9896 5757
6770 8623 7354 9495
7071 1714 8087 3248
5 4518 1472 5751
7164 3315 7208 4110
4950 2132 5357 2324
4902 577 6012 1452
2654 4665 4129 5934
4635 2709 4675 3422
4822 7258 6989 8361
122 9492 3575 9993
8581 3487 9361 3916
8477 8622 9584 9622
2797 1086 3457 2101
6430 4116 7508 5643
7033 7607 9981 8198
8083 3918 9995 4709
2306 8742 3609 9491
7511 3519 8072 5205
8145 40 9983 350
6343 953 7478 1647
293 2313 2591 2722
6 7795 661 8879
1968 3567 4138 4659
3610 7961 4759 9999
5431 3149 6198 3887
4138 3895 6425 5643
1845 6615 4818 7948
6991 8200 9997 8622
148 3523 1319 3740
36 6900 860 7686
4 3740 1967 4516
7992 6541 9318 7460
4320 5647 5016 6596
1330 2724 4532 3566
4682 2483 5424 3893
2 1072 2797 2313
680 7951 3587 8740
4765 8361 6769 9998
7354 8626 8474 9491
2055 9190 2298 9289
4312 6176 4313 6177
