5 0 3557 1081
5042 5646 7948 7250
3564 2 7067 576
5431 1962 6009 3141
6201 2604 7044 3696
3568 588 4898 2458
7362 9492 8253 9986
7077 132 8038 742
8170 4711 9896 5757
6770 8623 7354 9495
7071 1714 8087 3248
5 4518 1472 5751
7148 3281 7191 4110
4940 2084 5357 2272
4902 577 6012 1452
2702 4663 4120 5983
4597 3066 4668 3472
4821 7251 6998 8383
116 9493 3580 9995
8581 3487 9361 3916
8477 8622 9584 9622
2797 1086 3457 2101
6426 4115 7509 5644
7033 7607 9981 8198
8073 3916 9984 4706
2306 8742 3609 9491
7511 3519 8072 5205
8145 40 9983 350
6343 953 7478 1647
275 2323 2615 2723
6 7795 661 8879
1987 3567 4135 4658
3631 7968 4761 10000
5433 3146 6201 3895
4138 3895 6425 5643
1845 6615 4818 7948
7020 8200 9991 8619
122 3529 1326 3740
36 6900 860 7686
13 3742 1987 4517
7954 6545 9293 7455
4320 5647 5016 6596
1330 2724 4532 3566
4682 2483 5424 3893
3 1081 2794 2323
662 7953 3619 8742
4765 8383 6770 9993
7368 8621 8476 9487
2177 9159 2298 9359
4312 6176 4313 6177
