2 2 3562 1071
5042 5646 7948 7250
3564 2 7067 576
5431 1962 6009 3141
6205 2538 7004 3690
3568 588 4898 2458
7365 9492 8264 9982
7077 132 8038 742
8170 4711 9896 5757
6788 8647 7359 9539
7071 1714 8087 3248
5 4518 1472 5751
7164 3432 7215 4110
5007 2159 5357 2383
4902 577 6012 1452
2702 4663 4120 5983
4651 2496 4682 3419
4818 7251 6996 8396
109 9495 3564 9997
8588 3451 9303 3919
8462 8632 9601 9604
2797 1086 3457 2101
6397 4119 7560 5640
7033 7607 9981 8198
8132 3920 9976 4709
2305 8763 3623 9491
7566 3586 8130 5263
8215 110 9973 434
6252 971 7552 1577
207 2329 2667 2712
14 7773 659 8874
1999 3533 4121 4661
3624 7953 4773 9977
5428 3152 6203 3893
4128 3900 6385 5634
1845 6615 4818 7948
7005 8200 10000 8627
31 3537 1270 3742
50 6914 823 7752
7 3743 1994 4516
7954 6545 9293 7455
4320 5647 5016 6596
1278 2721 4599 3533
4682 2483 5424 3893
2 1071 2788 2329
659 7951 3623 8763
4783 8396 6787 9996
7359 8629 8447 9492
2185 9109 2298 9320
4312 6176 4313 6177
