4 0 3545 1065
5042 5646 7948 7250
3549 2 7076 573
5431 1962 6009 3141
6205 2538 7004 3690
3568 588 4898 2458
7362 9492 8275 9974
7077 132 8038 742
8170 4711 9896 5757
6800 8639 7347 9570
7071 1714 8087 3248
5 4518 1472 5751
7125 3323 7171 4113
4991 2221 5357 2438
4902 577 6012 1452
2702 4663 4120 5983
4636 2607 4670 3471
4818 7251 6996 8396
106 9490 3552 9995
8588 3451 9303 3919
8462 8632 9601 9604
2797 1086 3457 2101
6367 4115 7565 5641
7033 7607 9981 8198
8133 3920 9970 4710
2299 8755 3629 9485
7566 3586 8130 5263
8093 63 9973 366
6252 971 7552 1577
184 2337 2654 2718
14 7773 659 8874
2021 3535 4133 4652
3632 7949 4812 9992
5429 3149 6199 3943
4133 3943 6358 5643
1845 6615 4818 7948
7001 8200 9974 8632
2 3545 1307 3740
50 6914 823 7752
9 3742 2018 4510
8032 6474 9269 7459
4342 5644 5034 6597
1278 2721 4599 3533
4682 2483 5424 3893
5 1066 2792 2302
675 7948 3630 8755
4815 8397 6798 9996
7358 8636 8456 9488
2204 9002 2298 9255
4312 6176 4313 6177
