6 10 3535 1075
5042 5646 7948 7250
3547 1 7030 571
5431 1962 6009 3141
6243 2532 7070 3645
3568 588 4898 2458
7362 9492 8275 9974
7077 132 8038 742
8170 4711 9896 5757
6800 8639 7347 9570
7071 1714 8087 3248
20 4557 1485 5792
7149 3289 7192 4110
5003 2164 5379 2377
4945 577 6016 1484
2680 4695 4130 5986
4634 2658 4668 3498
4818 7251 6996 8396
57 9495 3500 10000
8507 3466 9254 3914
8462 8632 9601 9604
2817 1082 3449 2142
6359 4112 7566 5646
7033 7607 9981 8198
8165 3914 9992 4709
2299 8755 3629 9485
7567 3632 8154 5243
8067 86 9960 387
6252 971 7552 1577
145 2337 2671 2710
14 7773 659 8874
2048 3525 4128 4694
3629 7973 4810 9995
5431 3145 6237 3942
4133 3943 6358 5643
1845 6615 4818 7948
6998 8200 9975 8632
27 3547 1343 3740
50 6914 823 7752
66 3746 2048 4554
8032 6474 9269 7459
4329 5646 5040 6575
1276 2713 4612 3521
4682 2483 5424 3893
2 1076 2809 2336
675 7952 3629 8755
4815 8397 6798 9996
7350 8641 8451 9473
2170 9183 2298 9372
4312 6176 4313 6177
