0 1 3543 1076
5042 5646 7948 7250
3555 0 7036 577
5418 1926 5979 3141
6243 2532 7070 3645
3568 588 4898 2458
7362 9492 8275 9974
7077 132 8038 742
8170 4711 9896 5757
6800 8639 7347 9570
7071 1714 8087 3248
14 4569 1500 5786
7164 3493 7221 4110
5003 2121 5416 2311
4945 577 6016 1484
2603 4790 4096 6044
4646 2531 4674 3565
4818 7251 6996 8396
79 9494 3516 10000
8507 3466 9254 3914
8462 8632 9601 9604
2817 1082 3449 2142
6358 4114 7579 5646
7033 7607 9981 8198
8162 3926 10000 4694
2309 8768 3652 9494
7584 3614 8159 5259
8051 75 9945 376
6252 971 7552 1577
145 2337 2671 2710
14 7773 659 8874
2050 3521 4101 4789
3658 7971 4813 10000
5407 3148 6229 3939
4133 3943 6358 5643
1845 6615 4818 7948
7005 8199 9989 8630
0 3555 1390 3740
8 6926 831 7722
8 3741 2040 4568
8021 6493 9269 7468
4329 5646 5040 6575
1276 2713 4612 3521
4675 2485 5404 3920
2 1076 2809 2336
668 7950 3649 8763
4815 8397 6798 9996
7356 8630 8457 9492
2176 9249 2299 9442
4312 6176 4313 6177
