24 2 3553 1077
5042 5646 7948 7250
3555 0 7036 577
5451 1888 5995 3141
6243 2532 7070 3645
3568 588 4898 2458
7362 9492 8275 9974
7052 70 7998 690
8170 4711 9896 5757
6800 8639 7347 9570
7071 1714 8087 3248
14 4569 1500 5786
7133 3302 7178 4110
4985 2083 5400 2272
4945 577 6016 1484
2603 4790 4096 6044
4633 2615 4668 3435
4825 7260 7022 8390
27 9499 3561 9991
8456 3492 9248 3914
8462 8632 9601 9604
2817 1082 3449 2142
6343 4119 7594 5640
7033 7607 9981 8198
8135 3914 9998 4700
2305 8774 3661 9494
7608 3445 8121 5289
8033 14 9877 323
6175 972 7550 1545
145 2337 2671 2710
14 7773 659 8874
2029 3523 4095 4788
3661 7975 4811 9995
5407 3142 6239 3951
4103 3956 6326 5646
1845 6615 4818 7948
7039 8200 9994 8629
21 3561 1440 3740
0 6956 885 7688
7 3743 2029 4563
7980 6499 9153 7538
4329 5646 5040 6575
1276 2713 4612 3521
4675 2485 5404 3920
3 1077 2814 2334
670 7953 3654 8774
4814 8390 6790 9999
7356 8629 8460 9481
2104 9143 2298 9266
4312 6176 4313 6177
