2 0 3545 987
5042 5646 7948 7250
3561 0 7049 573
5530 1743 6014 3151
6247 2480 7011 3685
3555 602 4878 2482
7338 9492 8220 9991
7050 20 7985 647
8170 4711 9896 5757
6799 8672 7334 9624
7092 1707 8120 3223
4 4579 1489 5797
7099 3578 7165 4110
5006 2104 5383 2312
4936 577 6009 1482
2603 4790 4096 6044
4642 2493 4668 3624
4819 7250 7002 8388
75 9482 3545 9983
8436 3491 9227 3914
8471 8640 9603 9618
2876 1125 3474 2245
6277 4120 7611 5646
7054 7599 9968 8197
8152 3914 9990 4707
2307 8763 3670 9479
7629 3450 8140 5301
8041 40 9943 340
6186 1029 7621 1578
145 2337 2671 2710
2 7702 642 8812
2039 3512 4098 4789
3672 7952 4810 9996
5407 3151 6243 3968
4106 3973 6275 5645
1845 6615 4818 7948
7024 8197 9983 8634
72 3567 1438 3753
22 6920 861 7692
5 3753 2030 4579
7984 6553 9159 7590
4329 5646 5040 6575
1224 2720 4628 3512
4675 2485 5404 3920
1 988 2848 2335
657 7952 3672 8761
4814 8388 6795 10000
7342 8634 8469 9491
2144 9101 2298 9256
4312 6176 4313 6177
