12 0 3528 976
5042 5646 7948 7250
3537 1 7031 577
5530 1743 6014 3151
6273 2472 7041 3671
3541 593 4889 2438
7338 9492 8220 9991
7050 20 7985 647
8170 4711 9896 5757
6800 8670 7316 9656
7105 1700 8095 3274
4 4579 1489 5797
7129 3361 7177 4110
4967 2152 5398 2334
4946 577 6010 1490
2618 4798 4105 6057
4643 2450 4668 3539
4830 7252 7049 8398
45 9483 3502 9986
8439 3491 9230 3914
8471 8640 9603 9618
2876 1125 3474 2245
6289 4112 7627 5646
7054 7599 9968 8197
8138 3915 9985 4710
2307 8763 3670 9479
7629 3457 8136 5323
8019 16 9926 315
6186 1029 7621 1578
38 2337 2708 2690
10 7675 644 8795
2051 3513 4113 4796
3675 7951 4816 9998
5410 3151 6271 3922
4117 3925 6283 5643
1845 6615 4818 7948
7078 8200 9998 8638
127 3539 1378 3742
40 6878 878 7651
3 3743 2029 4572
7984 6553 9159 7590
4326 5659 5019 6612
1224 2720 4628 3512
4675 2485 5404 3920
9 976 2875 2331
645 7949 3625 8760
4821 8404 6798 9993
7318 8639 8469 9491
2174 9106 2303 9289
4312 6176 4313 6177
