3 0 3537 873
5034 5641 7901 7267
3581 6 7107 576
5391 2274 6039 3151
6039 2724 7002 3680
3539 579 4821 2519
7546 9157 8149 9887
7295 120 8136 817
8133 4623 9794 5710
6701 8713 7488 9360
7028 1687 8155 3070
5 4518 1472 5751
7154 3977 7333 4173
5181 2060 5551 2272
4860 577 5924 1490
2687 4567 4086 5905
4612 3186 4734 3422
4854 7270 7025 8377
588 9484 3593 10000
8877 3496 9491 4041
8327 8536 9443 9528
2686 1346 3512 2157
6446 4175 7373 5638
7029 7667 9998 8197
8117 4043 9995 4623
2313 8747 3606 9482
7374 3821 8114 5099
8870 48 9941 580
6441 917 7464 1687
1066 1871 2193 2707
52 7765 791 8726
2044 3655 4189 4567
3606 7972 4802 10000
5394 3151 6039 3863
4189 3863 6445 5613
1889 6635 4853 7972
7025 8198 10000 8517
943 3411 1488 3877
8 6892 755 7759
3 3878 2040 4518
8009 6597 9148 7667
4337 5613 5007 6599
1537 2713 4399 3655
4736 2524 5391 3857
10 873 2685 1870
791 7972 3601 8740
4805 8377 6699 10000
7494 8517 8322 9154
2144 9228 2313 9369
4312 6176 4313 6177
