12 0 3528 976
5042 5646 7948 7250
3537 1 7031 577
5432 1748 5921 3143
6283 2468 7052 3665
3541 593 4889 2438
7336 9492 8199 10000
7050 20 7985 647
8170 4711 9896 5757
6800 8678 7299 9698
7105 1700 8095 3274
4 4579 1489 5797
7163 3358 7210 4110
4961 2184 5387 2367
4946 577 6010 1490
2618 4798 4105 6057
4633 2528 4668 3390
4835 7252 7046 8403
45 9483 3502 9986
8466 3453 9191 3914
8471 8640 9603 9618
2876 1125 3474 2245
6262 4112 7629 5635
7054 7599 9968 8197
8137 3914 9971 4711
2307 8763 3670 9479
7635 3431 8133 5330
8020 0 9882 306
6144 1075 7619 1609
38 2337 2708 2690
10 7675 644 8795
2051 3513 4113 4796
3671 7948 4821 9988
5404 3145 6270 3927
4113 3928 6257 5645
1845 6615 4818 7948
7051 8200 9992 8639
140 3539 1403 3740
26 6898 884 7653
8 3742 2033 4577
7984 6553 9159 7590
4326 5659 5019 6612
1224 2720 4628 3512
4675 2485 5404 3920
9 976 2875 2331
645 7949 3625 8760
4821 8404 6798 9993
7318 8639 8469 9491
2125 9128 2298 9266
4312 6176 4313 6177
