11 9 3533 979
5026 5643 7940 7242
3558 0 7042 577
5439 1723 5922 3141
6311 2461 7025 3750
3541 593 4889 2438
7299 9492 8203 9979
7053 19 7952 671
8170 4711 9896 5757
6809 8647 7293 9699
7114 1708 8126 3248
4 4579 1489 5797
7127 3260 7165 4113
4889 2175 5357 2352
4946 577 6010 1490
2618 4798 4105 6057
4641 2498 4668 3645
4854 7250 7051 8432
45 9483 3502 9986
8422 3429 9112 3914
8471 8640 9603 9618
2876 1125 3474 2245
6257 4115 7638 5631
7054 7599 9968 8197
8091 3917 9964 4710
2305 8767 3678 9478
7640 3292 8082 5432
7973 19 9879 318
6027 1160 7579 1667
48 2337 2717 2690
10 7626 616 8798
2025 3473 4110 4792
3682 7952 4849 9973
5420 3151 6309 3932
4120 3934 6253 5642
1845 6615 4818 7948
7051 8200 9974 8640
99 3531 1314 3740
17 6895 913 7618
4 3740 2025 4570
7990 6541 9172 7572
4322 5648 5013 6604
1124 2698 4623 3468
4675 2485 5404 3920
0 980 2874 2329
624 7953 3659 8765
4863 8432 6796 9999
7295 8641 8464 9478
2094 9203 2298 9317
4312 6176 4313 6177
