3 1 3540 971
5035 5660 7983 7241
3573 1 7050 574
5468 1677 5934 3141
6327 2436 7034 3738
3541 593 4889 2438
7299 9492 8203 9979
7053 19 7952 671
8170 4711 9896 5757
6809 8647 7293 9699
7114 1708 8126 3248
4 4579 1489 5797
7133 3261 7175 4110
4933 2218 5426 2377
4946 577 6010 1490
2588 4809 4088 6057
4640 2463 4668 3532
4854 7250 7051 8432
85 9479 3505 9987
8422 3429 9112 3914
8478 8643 9603 9627
2892 1118 3473 2271
6271 4111 7639 5645
7054 7599 9968 8197
8087 3914 9997 4709
2305 8767 3678 9478
7641 3251 8076 5429
7957 99 9863 400
6051 1167 7572 1685
48 2337 2717 2690
4 7630 614 8793
2048 3470 4113 4797
3684 7964 4845 9992
5384 3150 6325 3918
4117 3920 6271 5645
1845 6615 4818 7948
7051 8200 9988 8643
88 3534 1321 3740
17 6895 913 7618
3 3748 2047 4579
7990 6541 9172 7572
4322 5648 5013 6604
1118 2701 4633 3468
4668 2440 5381 3907
4 979 2891 2335
634 7950 3662 8765
4847 8434 6787 10000
7296 8660 8471 9491
2135 9129 2298 9271
4312 6176 4313 6177
