17 5 3540 978
5035 5660 7983 7241
3562 0 7048 576
5458 1666 5920 3141
6385 2327 7075 3661
3541 593 4889 2438
7308 9492 8180 9997
7053 19 7952 671
8170 4711 9896 5757
6809 8647 7293 9699
7114 1708 8126 3248
4 4579 1489 5797
7159 3475 7214 4110
5057 2159 5458 2354
4946 577 6010 1490
2588 4809 4088 6057
4639 2541 4668 3540
4851 7245 7048 8405
62 9475 3527 9977
8422 3429 9112 3914
8478 8643 9603 9627
2892 1118 3473 2271
6271 4111 7639 5645
7054 7599 9968 8197
8082 3919 9973 4710
2305 8783 3662 9475
7643 3258 8079 5428
7962 108 9904 401
6021 1197 7612 1692
48 2337 2717 2690
4 7630 614 8793
2047 3472 4091 4805
3664 7949 4850 10000
5388 3141 6367 3921
4093 3924 6269 5653
1845 6615 4818 7948
7062 8200 10000 8643
88 3534 1321 3740
17 6895 913 7618
3 3748 2047 4579
7990 6541 9172 7572
4317 5656 5011 6608
1118 2701 4633 3468
4668 2440 5381 3907
4 979 2891 2335
622 7949 3663 8782
4850 8406 6803 9999
7294 8655 8475 9487
2163 9163 2300 9337
4312 6176 4313 6177
