13 5 3480 961
5035 5660 7983 7241
3498 2 7026 570
5441 1495 5855 3141
6434 2229 7076 3663
3559 572 4908 2416
7305 9492 8180 9995
7050 3 7938 663
8133 4777 9864 5820
6809 8646 7293 9698
7085 1674 8107 3199
4 4579 1489 5797
7125 3207 7165 4110
5076 2027 5397 2272
4916 577 6011 1464
2588 4809 4088 6057
4643 2546 4668 3689
4836 7241 7023 8504
41 9484 3441 9995
8218 3538 9108 3914
8546 8633 9653 9633
2932 1132 3530 2252
6271 4111 7639 5645
7057 7603 9975 8200
8082 3916 9997 4761
2309 8778 3625 9469
7640 3303 8081 5450
8001 1 9871 306
6054 1147 7788 1600
50 2337 2765 2684
20 7603 615 8797
2081 3471 4098 4804
3631 7948 4834 9995
5417 3162 6429 3889
4098 3894 6271 5658
1845 6615 4818 7948
7030 8200 9968 8630
10 3563 1445 3740
11 6898 951 7587
3 3741 2066 4578
7997 6516 9138 7584
4320 5659 5011 6615
1118 2701 4633 3468
4685 2428 5405 3881
9 963 2876 2337
622 7952 3627 8776
4838 8506 6790 10000
7316 8631 8544 9485
2189 9083 2305 9290
4312 6176 4313 6177
