2 0 3479 940
5035 5660 7983 7241
3508 4 7050 572
5441 1495 5855 3141
6434 2229 7076 3663
3559 572 4908 2416
7305 9492 8180 9995
7050 3 7938 663
8133 4777 9864 5820
6840 8613 7293 9736
7085 1674 8107 3199
4 4579 1489 5797
7142 3336 7191 4110
5140 2007 5371 2346
4916 577 6011 1464
2517 4807 4069 6014
4641 2477 4668 3584
4836 7241 7023 8504
37 9475 3460 9983
8213 3541 9110 3914
8574 8644 9652 9671
2909 1098 3486 2259
6271 4111 7639 5645
7031 7610 9995 8198
8090 3915 9996 4771
2311 8782 3603 9475
7661 3282 8087 5469
8033 7 9901 312
6087 1105 7869 1547
50 2337 2765 2684
30 7643 629 8828
2039 3469 4098 4801
3624 7927 4834 9987
5408 3144 6424 3892
4098 3894 6271 5658
1773 6624 4826 7922
7033 8200 9986 8600
61 3563 1495 3740
5 6829 907 7547
4 3746 2034 4577
7997 6516 9138 7584
4320 5659 5011 6615
1118 2701 4633 3468
4685 2428 5405 3881
1 942 2909 2314
639 7923 3617 8772
4839 8507 6822 9990
7294 8601 8558 9485
2086 9154 2298 9264
4312 6176 4313 6177
