18 1 3485 929
5035 5660 7983 7241
3508 4 7050 572
5480 1494 5894 3141
6443 2242 7063 3727
3559 572 4908 2416
7305 9492 8180 9995
7050 3 7938 663
8133 4777 9864 5820
6849 8660 7293 9807
7079 1630 8053 3230
4 4579 1489 5797
7134 3321 7176 4110
5201 1981 5418 2342
4916 577 6011 1464
2509 4869 4078 6062
4655 2560 4679 3885
4836 7242 7019 8512
83 9485 3468 9999
8135 3529 9003 3914
8574 8644 9652 9671
2944 1056 3522 2215
6271 4111 7639 5645
7031 7610 9995 8198
8108 3914 9974 4754
2300 8802 3577 9481
7641 3324 8089 5435
7959 41 9966 325
6043 1078 7910 1500
74 2337 2781 2685
27 7651 660 8773
2040 3469 4095 4855
3619 7926 4836 10000
5412 3146 6441 3884
4096 3888 6270 5658
1773 6624 4826 7922
7033 8200 9974 8607
42 3568 1514 3740
5 6829 907 7547
27 3745 2013 4572
7997 6516 9138 7584
4320 5659 5011 6615
1118 2701 4633 3468
4685 2428 5405 3881
0 929 2943 2331
670 7936 3613 8800
4844 8515 6841 10000
7302 8607 8570 9490
2239 8868 2298 9273
4312 6176 4313 6177
