7 3 3493 925
5035 5660 7983 7241
3498 3 7043 570
5453 1501 5868 3141
6443 2242 7063 3727
3559 572 4908 2416
7305 9492 8180 9995
7050 3 7938 663
8133 4777 9864 5820
6827 8693 7293 9786
7086 1647 8083 3210
4 4579 1489 5797
7139 3245 7183 4110
5155 1980 5395 2305
4916 577 6011 1464
2509 4869 4078 6062
4647 2474 4670 3700
4836 7249 7029 8511
5 9488 3475 9989
8124 3533 9003 3914
8574 8644 9652 9671
2954 1079 3517 2267
6271 4111 7639 5645
7031 7610 9995 8198
8134 3915 10000 4772
2298 8801 3627 9480
7648 3340 8114 5369
7938 33 9988 311
6074 1059 7893 1492
74 2337 2781 2685
27 7651 660 8773
1998 3473 4075 4865
3638 7927 4808 9995
5414 3145 6434 3879
4090 3881 6270 5659
1773 6624 4826 7922
7042 8198 9990 8643
133 3559 1540 3740
38 6829 918 7565
20 3741 1991 4578
7997 6516 9138 7584
4320 5659 5011 6615
1118 2701 4633 3468
4685 2428 5405 3881
7 928 2951 2337
660 7923 3633 8796
4808 8519 6823 9999
7301 8650 8565 9479
2246 8905 2298 9412
4312 6176 4313 6177
