5 7 3486 991
5035 5660 7983 7241
3498 3 7043 570
5422 1503 5838 3141
6423 2226 7029 3745
3559 572 4908 2416
7305 9492 8180 9995
7049 4 7930 670
8133 4777 9864 5820
6848 8673 7293 9817
7086 1647 8083 3210
4 4579 1489 5797
7148 3217 7188 4110
5125 1959 5362 2290
4916 577 6011 1464
2509 4869 4078 6062
4655 2726 4682 3723
4828 7249 7021 8535
16 9500 3536 9994
8199 3545 9106 3914
8574 8644 9652 9671
2982 1090 3557 2255
6288 4117 7650 5657
7031 7610 9995 8198
8125 3915 9992 4774
2300 8771 3634 9500
7650 3377 8117 5409
7991 67 9967 353
6031 1113 7907 1533
91 2337 2791 2686
22 7593 614 8793
2002 3442 4069 4865
3647 7931 4809 9999
5426 3141 6395 3903
4080 3908 6285 5659
1773 6624 4826 7922
7025 8198 9981 8641
152 3555 1525 3740
38 6829 918 7565
3 3741 2000 4570
7998 6483 9117 7572
4320 5659 5011 6615
1026 2696 4652 3439
4685 2428 5405 3881
0 994 2977 2331
656 7933 3642 8770
4821 8536 6842 9999
7309 8644 8566 9488
2206 9053 2298 9294
4312 6176 4313 6177
