22 6 3479 1017
5035 5660 7983 7241
3573 7 7048 565
5477 1503 5893 3141
6423 2226 7029 3745
3559 572 4908 2416
7305 9492 8180 9995
7070 62 7978 707
8199 4799 9983 5811
6842 8677 7295 9801
7086 1647 8083 3210
4 4579 1489 5797
7111 3442 7165 4110
5148 1961 5401 2272
4921 577 6027 1455
2509 4869 4078 6062
4667 2701 4691 3862
4828 7246 7021 8536
16 9500 3536 9994
8243 3552 9167 3914
8574 8644 9652 9671
3011 1045 3546 2297
6288 4117 7650 5657
7031 7610 9995 8198
8162 3915 9994 4794
2310 8763 3636 9499
7657 3379 8122 5412
7980 110 9985 394
6027 1106 7885 1530
126 2337 2849 2682
0 7609 628 8740
2006 3436 4080 4864
3652 7931 4820 9992
5406 3154 6416 3880
4082 3886 6274 5654
1773 6624 4826 7922
7023 8200 9994 8644
112 3561 1531 3740
34 6829 958 7530
3 3741 2000 4570
7998 6468 9119 7555
4320 5659 5011 6615
1039 2692 4666 3435
4692 2428 5406 3883
15 1017 2957 2335
668 7925 3646 8763
4821 8536 6842 9999
7304 8647 8559 9491
2225 9078 2310 9359
4312 6176 4313 6177
