11 2 3531 1034
5035 5660 7983 7241
3564 1 7100 569
5473 1518 5893 3141
6423 2226 7029 3745
3559 572 4908 2416
7304 9492 8191 9988
7103 85 7987 748
8154 4805 9956 5807
6849 8660 7297 9797
7066 1536 7958 3286
4 4579 1489 5797
7135 3359 7181 4110
5214 1833 5360 2371
4914 577 6018 1457
2509 4869 4078 6062
4644 2417 4668 3594
4828 7246 7021 8536
4 9505 3519 10000
8296 3545 9203 3914
8568 8710 9663 9721
3025 1044 3539 2347
6274 4112 7646 5641
7047 7604 9986 8197
8147 3914 9999 4801
2300 8771 3602 9495
7656 3527 8140 5482
8014 110 9983 398
6027 1106 7885 1530
125 2337 2825 2686
12 7591 630 8740
2006 3449 4103 4866
3617 7942 4808 9984
5398 3143 6421 3895
4104 3902 6255 5652
1773 6624 4826 7922
7030 8200 9995 8659
112 3562 1509 3743
50 6817 924 7558
2 3744 2006 4576
7998 6468 9119 7555
4320 5659 5011 6615
1030 2694 4640 3441
4669 2424 5380 3896
0 1055 3003 2334
640 7928 3617 8771
4818 8542 6822 9991
7300 8660 8544 9484
2203 9020 2298 9270
4312 6176 4313 6177
