15 6 3546 1037
5035 5660 7983 7241
3554 2 7091 570
5419 1530 5842 3141
6423 2260 7035 3764
3559 572 4908 2416
7320 9492 8188 9999
7114 42 7955 739
8154 4805 9956 5807
6879 8683 7293 9911
7037 1586 7930 3331
4 4579 1489 5797
7145 3452 7198 4110
5149 1895 5357 2272
4914 577 6018 1457
2452 4950 4110 6079
4636 2492 4668 3387
4835 7261 7034 8546
5 9505 3541 9997
8308 3562 9258 3914
8568 8710 9663 9721
2998 1041 3504 2365
6278 4117 7651 5645
7047 7604 9986 8197
8150 3932 9977 4804
2300 8760 3624 9500
7652 3522 8145 5441
8027 11 9914 313
6027 1106 7885 1530
140 2337 2848 2685
12 7591 630 8740
2037 3458 4108 4946
3627 7922 4830 9966
5395 3144 6405 3936
4127 3939 6272 5657
1773 6624 4826 7922
7053 8200 9999 8666
158 3505 1239 3740
43 6777 849 7581
7 3740 2031 4578
7998 6468 9119 7555
4320 5659 5011 6615
1003 2712 4627 3456
4677 2421 5393 3882
0 1052 2983 2333
715 7923 3627 8759
4830 8556 6878 9995
7299 8667 8562 9488
2230 8916 2298 9271
4312 6176 4313 6177
