5 0 3541 1049
5017 5671 8011 7227
3561 9 7145 570
5421 1514 5840 3141
6442 2276 7044 3805
3559 572 4908 2416
7318 9492 8231 9974
7160 45 7973 766
8154 4805 9956 5807
6857 8739 7293 9907
7105 1574 8008 3300
8 4633 1504 5842
7149 3340 7196 4110
5183 1853 5359 2296
4914 577 6018 1457
2452 4950 4110 6079
4639 2427 4668 3391
4851 7232 6962 8572
6 9496 3534 9989
8293 3602 9332 3924
8568 8710 9663 9721
3028 1058 3537 2376
6278 4117 7651 5645
7072 7591 9947 8197
8145 3926 9998 4804
2299 8759 3626 9496
7668 3472 8141 5472
8134 7 9932 324
6027 1106 7885 1530
154 2337 2870 2684
7 7617 626 8768
1989 3471 4121 4949
3629 7928 4840 9999
5423 3163 6441 3865
4128 3867 6276 5659
1773 6624 4826 7922
6980 8198 9996 8677
234 3466 1161 3740
24 6700 809 7525
19 3741 1988 4633
8056 6409 9175 7498
4320 5659 5011 6615
1003 2712 4627 3456
4686 2433 5421 3857
8 1051 3020 2337
626 7922 3624 8757
4851 8574 6854 9999
7298 8679 8567 9489
2239 8869 2298 9269
4312 6176 4313 6177
