10 11 3556 1035
5017 5661 8028 7209
3561 9 7145 570
5426 1474 5833 3148
6449 2285 7077 3751
3559 572 4908 2416
7338 9492 8238 9981
7169 23 7969 756
8154 4805 9956 5807
6862 8740 7294 9919
7098 1595 7981 3360
8 4633 1504 5842
7153 3473 7210 4110
5292 1694 5420 2305
4914 577 6018 1457
2452 4950 4110 6079
4662 2449 4692 3398
4828 7210 7002 8592
57 9504 3563 10000
8266 3601 9333 3914
8568 8710 9663 9721
3036 1037 3545 2352
6278 4117 7651 5645
7018 7601 9943 8197
8147 3915 9946 4802
2299 8759 3626 9496
7670 3411 8139 5429
8222 65 9941 397
6078 1099 7949 1520
91 2337 2838 2680
4 7597 598 8794
1997 3461 4142 4949
3630 7947 4823 10000
5411 3154 6443 3901
4175 3906 6276 5654
1773 6624 4826 7922
7005 8198 9988 8710
197 3484 1189 3740
2 6695 791 7516
1 3744 1993 4629
8071 6423 9187 7515
4320 5659 5011 6615
1003 2712 4627 3456
4701 2420 5405 3903
12 1038 3018 2335
624 7932 3614 8759
4825 8600 6859 10000
7301 8716 8567 9490
2239 8899 2298 9300
4312 6176 4313 6177
