5 6 3533 1030
5017 5661 8028 7209
3561 9 7145 570
5412 1596 5854 3143
6452 2314 7098 3741
3559 572 4908 2416
7338 9492 8238 9981
7164 51 7955 792
8154 4805 9956 5807
6864 8743 7294 9927
7098 1595 7981 3360
8 4633 1504 5842
7117 3366 7165 4113
5274 1492 5374 2301
4914 577 6018 1457
2452 4950 4110 6079
4651 2469 4676 3569
4828 7210 7002 8592
71 9500 3604 9992
8241 3614 9347 3917
8568 8710 9663 9721
3027 1077 3551 2355
6278 4117 7651 5645
7006 7613 9990 8197
8153 3919 9985 4805
2299 8759 3626 9496
7653 3427 8131 5406
8199 3 9895 339
6078 1099 7949 1520
96 2337 2867 2677
20 7541 561 8851
2012 3434 4158 4948
3626 7963 4822 9996
5406 3145 6445 3931
4161 3932 6276 5648
1773 6624 4826 7922
7080 8200 9998 8709
196 3485 1190 3740
2 6718 789 7541
17 3747 1979 4632
8071 6423 9187 7515
4320 5659 5011 6615
929 2680 4558 3423
4683 2438 5401 3894
4 1031 2989 2331
578 7927 3622 8759
4834 8598 6849 9988
7302 8711 8558 9491
2230 8952 2298 9297
4312 6176 4313 6177
