14 3 3517 954
5017 5661 8028 7209
3528 5 7163 558
5602 1670 6063 3148
6414 2272 7066 3684
3559 572 4908 2416
7396 9492 8298 9980
7294 16 7936 929
8154 4805 9956 5807
6888 8708 7294 9962
7116 1588 8036 3282
25 4628 1480 5871
7119 3379 7166 4110
5303 1525 5411 2278
4921 562 5991 1470
2452 4950 4110 6079
4643 2444 4668 3519
4853 7210 7035 8581
3 9495 3513 9991
8165 3611 9258 3917
8568 8710 9663 9721
3029 987 3552 2268
6294 4117 7659 5654
7040 7600 9959 8197
8101 3925 9994 4800
2300 8761 3636 9491
7663 3334 8098 5500
8115 109 9705 468
6108 980 7870 1427
127 2337 3025 2662
43 7701 600 8976
2016 3403 4189 4948
3643 7925 4829 9998
5398 3154 6413 3963
4189 3974 6294 5651
1773 6624 4826 7922
7042 8200 9972 8687
209 3522 1374 3740
5 6790 827 7578
1 3740 1998 4625
8045 6471 9219 7509
4319 5652 4999 6623
768 2677 4502 3399
4678 2448 5394 3909
20 955 3024 2337
601 7929 3642 8755
4837 8582 6875 10000
7299 8690 8563 9490
2204 9174 2298 9433
4312 6176 4313 6177
