12 1 3515 928
5017 5661 8028 7209
3516 15 7227 557
5472 1761 5963 3149
6394 2290 7115 3567
3563 570 4918 2406
7389 9487 8300 9970
7360 38 8021 927
8162 4837 9971 5835
6919 8744 7342 9951
7116 1588 8036 3282
25 4628 1480 5871
7151 3543 7210 4134
5232 1683 5357 2320
4925 561 5989 1474
2444 4962 4108 6087
4648 2411 4668 3865
4853 7210 6986 8540
13 9503 3563 9993
8228 3552 9109 3932
8556 8701 9652 9711
3054 968 3558 2297
6303 4135 7679 5660
7025 7603 9958 8197
8102 3938 9999 4821
2315 8763 3649 9495
7694 3298 8096 5656
8034 17 9844 332
6067 1015 7810 1471
263 2337 3109 2668
12 7711 588 8944
2002 3402 4194 4959
3653 7925 4847 9970
5378 3169 6391 3971
4194 3971 6301 5661
1773 6624 4826 7922
6994 8197 9985 8698
189 3524 1365 3740
24 6795 846 7583
1 3740 2002 4626
8113 6400 9205 7516
4313 5673 5015 6614
780 2678 4551 3393
4669 2426 5372 3917
5 937 3045 2323
598 7924 3652 8762
4849 8542 6905 9999
7343 8698 8549 9481
2179 9055 2298 9255
4312 6176 4313 6177
