0 4 3492 884
5017 5661 8028 7209
3537 1 7303 534
5519 1652 5969 3141
6481 2310 7106 3784
3583 537 4923 2393
7358 9492 8266 9974
7317 25 8031 846
8162 4837 9971 5835
6923 8690 7319 9976
7111 1578 8042 3252
25 4628 1480 5871
7125 3255 7165 4110
5350 1851 5503 2364
4925 561 5989 1474
2444 4962 4108 6087
4645 2394 4668 3692
4830 7210 7011 8525
8 9504 3601 9988
8228 3492 9021 3914
8570 8688 9659 9705
3004 990 3528 2268
6305 4113 7683 5636
7045 7598 9954 8197
8150 3929 9981 4827
2303 8783 3651 9504
7697 3291 8138 5436
8050 110 9861 424
6050 980 7828 1423
265 2337 3146 2664
58 7841 640 9061
2002 3380 4223 4959
3652 7933 4815 9993
5340 3154 6453 3961
4227 3963 6301 5645
1773 6624 4826 7922
7016 8197 9997 8680
158 3529 1361 3740
3 6759 900 7481
1 3740 2002 4626
8146 6444 9267 7531
4315 5650 5002 6618
757 2668 4554 3378
4675 2410 5334 3948
2 884 3004 2337
653 7922 3647 8778
4824 8535 6923 10000
7321 8684 8558 9484
2174 9062 2298 9256
4312 6176 4313 6177
