45 0 3580 792
5039 5665 8087 7194
3580 0 7328 529
5473 1673 5937 3141
6503 2325 7126 3803
3583 537 4923 2393
7379 9492 8251 9997
7336 18 8040 848
8144 4838 9988 5817
6987 8773 7329 9997
7126 1524 8061 3191
4 4663 1490 5880
7126 3192 7165 4110
5318 1624 5435 2292
4927 544 5882 1561
2342 4996 4036 6101
4638 2417 4668 3399
4855 7200 7015 8528
89 9506 3624 9998
8263 3498 9003 3914
8555 8712 9648 9724
3035 998 3544 2314
6339 4111 7695 5657
7039 7591 9914 8197
8103 3919 9993 4836
2301 8820 3660 9506
7699 3254 8102 5601
8040 81 9958 388
5936 1002 7779 1429
260 2336 3150 2662
14 7757 544 9098
2016 3384 4267 4983
3660 7898 4854 9989
5389 3160 6499 3934
4272 3937 6332 5647
1657 6642 4855 7881
7035 8200 10000 8707
233 3531 1446 3740
3 6731 909 7446
5 3762 2016 4657
8137 6447 9203 7590
4322 5711 5038 6633
757 2668 4554 3378
4672 2469 5386 3934
4 793 3033 2330
569 7884 3630 8820
4856 8533 6982 9998
7343 8712 8542 9490
2135 9169 2298 9315
4312 6176 4313 6177
