3 3 3529 869
5053 5657 8086 7194
3569 7 7347 539
5422 1715 5900 3141
6486 2254 7072 3825
3560 539 4912 2380
7459 9492 8329 9998
7383 10 8004 954
8144 4838 9988 5817
6948 8767 7372 9970
7165 1490 8124 3115
1 4708 1507 5909
7161 3292 7200 4110
5182 1868 5357 2316
4936 573 5844 1643
2162 5175 4096 6143
4642 2470 4670 3481
4857 7199 7038 8546
119 9503 3618 10000
8154 3523 9009 3914
8543 8712 9623 9737
3065 882 3542 2288
6360 4114 7735 5640
7039 7591 9914 8197
8138 3915 9973 4826
2321 8848 3634 9498
7739 3163 8129 5588
8261 29 9658 437
6039 980 7694 1456
327 2333 3281 2652
10 7595 530 8961
1968 3396 4250 5079
3635 7909 4857 10000
5320 3144 6483 3918
4255 3946 6360 5655
1657 6642 4855 7881
7041 8198 9987 8710
311 3509 1330 3759
14 6663 857 7430
1 3761 1947 4686
8151 6406 9223 7543
4316 5656 5012 6605
757 2668 4554 3378
4676 2403 5314 3920
20 876 3052 2330
540 7884 3621 8844
4862 8547 6946 9994
7383 8727 8526 9491
2222 9189 2306 9462
4312 6176 4313 6177
