3 8 3539 850
5053 5657 8086 7194
3582 3 7366 534
5438 1703 5910 3147
6498 2283 7107 3795
3560 539 4912 2380
7459 9492 8329 9998
7383 10 8004 954
8144 4843 9959 5838
6948 8767 7372 9970
7165 1490 8124 3115
1 4708 1507 5909
7125 3252 7165 4110
5187 1884 5364 2326
4943 562 5830 1686
2162 5175 4096 6143
4639 2412 4668 3429
4857 7199 7038 8546
119 9503 3618 10000
8172 3516 9013 3914
8543 8712 9623 9737
3074 901 3549 2308
6360 4114 7735 5640
7039 7591 9914 8197
8131 3923 9976 4839
2342 8865 3625 9499
7739 3163 8129 5588
8261 29 9658 437
6039 980 7694 1456
327 2333 3281 2652
10 7595 530 8961
1968 3396 4250 5079
3635 7893 4852 10000
5314 3148 6487 3942
4285 3947 6351 5649
1657 6642 4855 7881
7041 8198 9987 8710
288 3492 1312 3740
33 6638 831 7450
1 3762 1923 4699
8089 6431 9193 7531
4316 5656 5012 6605
757 2668 4554 3378
4668 2384 5312 3902
9 853 3048 2322
533 7886 3626 8860
4862 8547 6946 9994
7373 8715 8531 9487
2159 9215 2298 9387
4312 6176 4313 6177
