146 1 3517 795
5089 5641 8106 7186
3751 3 7447 546
5506 1666 5968 3141
6585 2306 7160 3907
3519 549 4917 2328
7373 9492 8366 9936
7492 70 8268 825
8207 4907 9977 5927
6840 8813 7293 9937
7240 1409 8225 2991
23 4783 1581 5944
7164 1626 7178 4111
5345 1729 5481 2304
4960 557 5848 1651
2087 5225 4039 6184
4667 2371 4687 3740
4889 7188 7074 8531
15 9492 3478 9994
8173 3526 9035 3914
8574 8833 9884 9676
3101 800 3519 2335
6345 4118 7753 5608
7096 7580 9920 8197
8180 3934 9985 4900
2304 8889 3554 9486
7754 3072 8166 5371
8433 57 9635 531
5887 993 7803 1404
290 2337 3293 2651
33 7454 565 8789
1943 3430 4216 5120
3566 7780 4887 9992
5405 3151 6581 3895
4221 3908 6325 5609
1614 6549 4854 7772
7077 8200 9987 8810
443 3398 1165 3750
17 6573 783 7425
26 3770 1827 4770
8136 6317 9257 7404
4314 5609 5068 6485
785 2683 4587 3392
4689 2340 5395 3822
6 797 3088 2336
585 7778 3560 8885
4887 8535 6830 9993
7294 8810 8560 9480
2168 9108 2298 9284
4312 6176 4313 6177
