2 0 3534 871
5034 5641 7901 7267
3581 6 7107 576
5391 2274 6039 3151
6039 2724 7002 3680
3539 579 4821 2519
7546 9157 8149 9887
7295 120 8136 817
8133 4623 9794 5710
6701 8713 7488 9360
7028 1687 8155 3070
5 4518 1472 5751
7139 3961 7361 4119
5132 2060 5502 2272
4860 577 5924 1490
2687 4567 4086 5905
4582 3171 4678 3471
4853 7269 7010 8400
221 9482 3604 9996
8877 3496 9491 4041
8327 8536 9443 9528
2686 1346 3512 2157
6446 4123 7372 5641
7012 7667 9997 8197
8123 4042 9998 4623
2308 8745 3606 9482
7374 3821 8114 5099
8870 48 9941 580
6441 917 7464 1687
1066 1871 2193 2707
52 7765 791 8726
2044 3655 4189 4567
3606 7972 4803 9999
5394 3151 6039 3863
4189 3863 6445 5613
1889 6635 4853 7972
7013 8198 9998 8519
943 3411 1488 3877
8 6892 755 7759
2 3879 2044 4518
8009 6597 9148 7667
4337 5613 5007 6599
1537 2713 4399 3655
4678 2526 5391 3861
0 873 2684 1871
791 7974 3605 8745
4804 8401 6699 9999
7493 8519 8327 9157
2157 9184 2298 9353
4312 6176 4313 6177
