0 0 3533 871
5034 5641 7901 7267
3581 6 7107 576
5391 2274 6039 3151
6039 2724 7002 3680
3539 579 4821 2519
7546 9157 8149 9887
7295 120 8136 817
8133 4623 9794 5710
6701 8713 7488 9360
7028 1687 8155 3070
5 4518 1472 5751
7047 3985 7328 4110
5132 2060 5502 2272
4860 577 5924 1490
2687 4567 4086 5905
4548 3207 4668 3447
4853 7269 7010 8400
221 9482 3604 9996
8877 3496 9491 4041
8327 8536 9443 9528
2686 1346 3512 2157
6449 4113 7373 5635
7012 7667 9997 8197
8120 4042 9999 4622
2308 8745 3606 9482
7374 3821 8114 5099
8870 48 9941 580
6441 917 7464 1687
1066 1871 2193 2707
52 7765 791 8726
2016 3657 4185 4564
3606 7972 4803 9999
5388 3151 6035 3861
4189 3863 6445 5613
1889 6635 4853 7972
7013 8198 9998 8519
909 3386 1460 3847
8 6892 755 7759
7 3848 2013 4514
8009 6597 9148 7667
4337 5613 5007 6599
1537 2713 4399 3655
4668 2522 5383 3860
0 873 2684 1871
791 7974 3605 8745
4804 8401 6699 9999
7493 8519 8327 9157
2157 9184 2298 9353
4312 6176 4313 6177
