6 0 3537 872
5034 5641 7901 7267
3581 6 7107 576
5384 2273 6037 3147
6039 2724 7002 3680
3539 579 4821 2519
7546 9157 8149 9887
7313 100 8148 802
8133 4623 9794 5710
6701 8713 7488 9360
7028 1687 8155 3070
5 4518 1472 5751
6912 4012 7270 4110
4952 2104 5419 2272
4940 577 5988 1504
2702 4593 4068 5963
4514 3200 4668 3387
4853 7267 7008 8401
221 9482 3604 9996
8877 3496 9491 4041
8327 8536 9443 9528
2686 1346 3512 2157
6451 4111 7371 5641
7012 7667 9999 8197
8115 4041 9995 4623
2308 8745 3606 9482
7374 3821 8114 5099
8870 48 9941 580
6441 917 7464 1687
1066 1871 2193 2707
52 7765 791 8726
2035 3657 4187 4593
3606 7972 4803 9999
5389 3148 6039 3863
4189 3863 6445 5613
1889 6635 4853 7972
7017 8197 9994 8519
909 3386 1460 3847
8 6892 755 7759
12 3849 2034 4516
8009 6597 9148 7667
4337 5613 5007 6599
1537 2713 4399 3655
4668 2524 5384 3861
0 873 2684 1871
791 7974 3605 8745
4804 8401 6699 9999
7493 8519 8327 9157
2137 9212 2298 9360
4312 6176 4313 6177
